1. Metrica empleada: coseno
2. Metodo de prediccion: media
3. Numero de vecinos: 5
Usando Coseno
---------------------
MATRIZ DE SIMILITUDES
[0] ->  1.0000		0.7844		0.6730		0.7694		0.6980		0.7013		0.7815		0.6170		0.7996		0.7172		
[1] ->  0.7844		1.0000		0.7102		0.7743		0.6540		0.7400		0.7539		0.7692		0.6447		0.6771		
[2] ->  0.6730		0.7102		1.0000		0.7712		0.6907		0.6452		0.6914		0.8110		0.7543		0.6821		
[3] ->  0.7694		0.7743		0.7712		1.0000		0.7867		0.7404		0.8488		0.7936		0.7817		0.7825		
[4] ->  0.6980		0.6540		0.6907		0.7867		1.0000		0.6859		0.6511		0.7116		0.7138		0.7719		
[5] ->  0.7013		0.7400		0.6452		0.7404		0.6859		1.0000		0.7471		0.5764		0.8242		0.7667		
[6] ->  0.7815		0.7539		0.6914		0.8488		0.6511		0.7471		1.0000		0.6700		0.6879		0.7644		
[7] ->  0.6170		0.7692		0.8110		0.7936		0.7116		0.5764		0.6700		1.0000		0.4818		0.6977		
[8] ->  0.7996		0.6447		0.7543		0.7817		0.7138		0.8242		0.6879		0.4818		1.0000		0.7106		
[9] ->  0.7172		0.6771		0.6821		0.7825		0.7719		0.7667		0.7644		0.6977		0.7106		1.0000		
----------------------------------
Vecinos utilizados para calcular Usuario 0 -> Item 21
[(8, 0.7995900589021113), (1, 0.784415676130925), (6, 0.7815424149030028), (3, 0.7694388967401528), (9, 0.7171509991316721)]

Resultado prediccion - Usuario 0 -> Item 21 = 2.4597643966

----------------------------------
Vecinos utilizados para calcular Usuario 1 -> Item 9
[(0, 0.784415676130925), (3, 0.7742912891116408), (7, 0.7692465740975636), (6, 0.7539072014353414), (5, 0.740007975684496)]

Resultado prediccion - Usuario 1 -> Item 9 = 3.91670637386

----------------------------------
Vecinos utilizados para calcular Usuario 1 -> Item 12
[(0, 0.784415676130925), (3, 0.7742912891116408), (7, 0.7692465740975636), (6, 0.7539072014353414), (5, 0.740007975684496)]

Resultado prediccion - Usuario 1 -> Item 12 = 1.30664928388

----------------------------------
Vecinos utilizados para calcular Usuario 1 -> Item 19
[(0, 0.784415676130925), (3, 0.7742912891116408), (7, 0.7692465740975636), (6, 0.7539072014353414), (5, 0.740007975684496)]

Resultado prediccion - Usuario 1 -> Item 19 = 1.92803802809

----------------------------------
Vecinos utilizados para calcular Usuario 1 -> Item 23
[(0, 0.784415676130925), (7, 0.7692465740975636), (6, 0.7539072014353414), (5, 0.740007975684496), (2, 0.710161652224856)]

Resultado prediccion - Usuario 1 -> Item 23 = 2.13804361958

----------------------------------
Vecinos utilizados para calcular Usuario 2 -> Item 14
[(7, 0.8110356145527061), (3, 0.771198725846636), (8, 0.7543137281361898), (1, 0.710161652224856), (4, 0.6906518659932803)]

Resultado prediccion - Usuario 2 -> Item 14 = 2.58896815728

----------------------------------
Vecinos utilizados para calcular Usuario 2 -> Item 17
[(7, 0.8110356145527061), (3, 0.771198725846636), (8, 0.7543137281361898), (1, 0.710161652224856), (6, 0.6914246549984688)]

Resultado prediccion - Usuario 2 -> Item 17 = 3.88012874062

----------------------------------
Vecinos utilizados para calcular Usuario 3 -> Item 7
[(7, 0.7935753932437073), (4, 0.7866780295888844), (9, 0.7824982989276147), (8, 0.7816731375383429), (1, 0.7742912891116408)]

Resultado prediccion - Usuario 3 -> Item 7 = 1.84737079712

----------------------------------
Vecinos utilizados para calcular Usuario 3 -> Item 23
[(6, 0.8487919437820431), (7, 0.7935753932437073), (4, 0.7866780295888844), (9, 0.7824982989276147), (8, 0.7816731375383429)]

Resultado prediccion - Usuario 3 -> Item 23 = 3.95510711973

----------------------------------
Vecinos utilizados para calcular Usuario 4 -> Item 20
[(3, 0.7866780295888844), (9, 0.771910505686722), (8, 0.7137661301023364), (7, 0.7115520685909899), (0, 0.6979501324247877)]

Resultado prediccion - Usuario 4 -> Item 20 = 2.94701599427

----------------------------------
Vecinos utilizados para calcular Usuario 6 -> Item 7
[(0, 0.7815424149030028), (9, 0.7643520922970165), (1, 0.7539072014353414), (5, 0.7470572400152653), (2, 0.6914246549984688)]

Resultado prediccion - Usuario 6 -> Item 7 = 2.04233518577

----------------------------------
Vecinos utilizados para calcular Usuario 6 -> Item 14
[(3, 0.8487919437820431), (0, 0.7815424149030028), (9, 0.7643520922970165), (1, 0.7539072014353414), (5, 0.7470572400152653)]

Resultado prediccion - Usuario 6 -> Item 14 = 1.47505348986

----------------------------------
Vecinos utilizados para calcular Usuario 6 -> Item 20
[(3, 0.8487919437820431), (0, 0.7815424149030028), (9, 0.7643520922970165), (1, 0.7539072014353414), (5, 0.7470572400152653)]

Resultado prediccion - Usuario 6 -> Item 20 = 2.6150323197

----------------------------------
Vecinos utilizados para calcular Usuario 7 -> Item 4
[(2, 0.8110356145527061), (3, 0.7935753932437073), (1, 0.7692465740975636), (4, 0.7115520685909899), (9, 0.6976737253161562)]

Resultado prediccion - Usuario 7 -> Item 4 = 0.847881735058

----------------------------------
Vecinos utilizados para calcular Usuario 7 -> Item 21
[(2, 0.8110356145527061), (3, 0.7935753932437073), (1, 0.7692465740975636), (4, 0.7115520685909899), (9, 0.6976737253161562)]

Resultado prediccion - Usuario 7 -> Item 21 = 1.80670779641

----------------------------------
Vecinos utilizados para calcular Usuario 8 -> Item 13
[(5, 0.8241725314228983), (0, 0.7995900589021113), (3, 0.7816731375383429), (2, 0.7543137281361898), (4, 0.7137661301023364)]

Resultado prediccion - Usuario 8 -> Item 13 = 3.23985258486

----------------------------------
Vecinos utilizados para calcular Usuario 8 -> Item 19
[(5, 0.8241725314228983), (0, 0.7995900589021113), (3, 0.7816731375383429), (2, 0.7543137281361898), (4, 0.7137661301023364)]

Resultado prediccion - Usuario 8 -> Item 19 = 2.20941200232

--- MATRIZ CON LAS PREDICCIONES ---
[0] ->  3.00		5.00		0.00		1.00		4.00		5.00		5.00		1.00		2.00		4.00		0.00		0.00		1.00		4.00		1.00		3.00		2.00		4.00		1.00		1.00		5.00		2.46		5.00		2.00		0.00		
[1] ->  4.00		5.00		1.00		3.00		4.00		2.00		0.00		1.00		4.00		3.92		0.00		2.00		1.31		2.00		0.00		1.00		4.00		5.00		3.00		1.93		1.00		0.00		5.00		2.14		0.00		
[2] ->  2.00		5.00		1.00		1.00		1.00		3.00		2.00		4.00		5.00		3.00		4.00		1.00		1.00		3.00		2.59		1.00		5.00		3.88		5.00		5.00		4.00		1.00		1.00		5.00		5.00		
[3] ->  3.00		5.00		1.00		4.00		1.00		2.00		3.00		1.85		5.00		5.00		2.00		5.00		1.00		5.00		3.00		2.00		3.00		3.00		1.00		3.00		1.00		5.00		5.00		3.96		3.00		
[4] ->  5.00		1.00		0.00		3.00		0.00		0.00		5.00		0.00		4.00		2.00		3.00		1.00		5.00		4.00		5.00		4.00		2.00		5.00		3.00		3.00		2.95		3.00		3.00		5.00		0.00		
[5] ->  2.00		4.00		3.00		3.00		0.00		0.00		0.00		2.00		0.00		5.00		2.00		0.00		4.00		2.00		1.00		5.00		3.00		4.00		3.00		1.00		3.00		2.00		5.00		0.00		2.00		
[6] ->  1.00		5.00		1.00		5.00		1.00		5.00		1.00		2.04		5.00		5.00		0.00		2.00		1.00		1.00		1.48		5.00		0.00		3.00		1.00		3.00		2.62		2.00		5.00		2.00		3.00		
[7] ->  4.00		1.00		1.00		3.00		0.85		2.00		1.00		1.00		5.00		2.00		0.00		1.00		1.00		5.00		0.00		0.00		4.00		5.00		2.00		3.00		0.00		1.81		1.00		3.00		5.00		
[8] ->  1.00		5.00		0.00		1.00		1.00		0.00		3.00		2.00		0.00		5.00		2.00		1.00		2.00		3.24		3.00		3.00		5.00		1.00		2.00		2.21		5.00		3.00		5.00		3.00		1.00		
[9] ->  1.00		0.00		2.00		5.00		1.00		5.00		1.00		2.00		2.00		2.00		2.00		3.00		4.00		5.00		2.00		5.00		3.00		3.00		3.00		0.00		3.00		3.00		4.00		4.00		2.00		
