1. Metrica empleada: pearson
2. Metodo de prediccion: simple
3. Numero de vecinos: 5
---------------------
MATRIZ DE SIMILITUDES
[0] ->  1.0000		-0.061		0.0012		-0.036		-0.006		0.1109		0.0718		0.0275		-0.003		0.0112		-0.053		0.0203		0.0701		0.0039		-0.039		-0.027		-0.071		0.0542		-0.050		0.1207		0.0317		-0.040		0.0063		0.0055		-0.061		-0.043		-0.017		0.0955		0.0884		0.0809		0.0536		-0.030		0.0250		0.1468		0.0157		-0.008		-0.062		-0.012		-0.023		-0.057		0.0387		0.0109		0.0314		-0.055		0.1413		0.0800		-0.098		0.0789		0.0775		-0.084		
[1] ->  -0.061		1.0000		-0.120		-0.052		0.0297		-0.019		0.0213		-0.141		0.0610		0.1671		0.0729		-0.067		0.0122		0.0718		0.1071		0.0120		-0.079		0.1399		0.0340		-0.092		-0.077		0.0722		0.0072		-0.046		-0.069		-0.010		-0.016		0.0237		-0.098		0.0844		0.0238		-0.103		0.0051		-0.015		-0.072		0.0225		0.1861		-0.124		0.0333		-0.117		-0.078		0.0178		0.0154		-0.071		-0.062		0.0283		0.0069		0.0284		-0.043		0.0613		
[2] ->  0.0012		-0.120		1.0000		-0.069		-0.121		0.0143		0.0750		0.0291		-0.036		-0.069		-0.054		-0.082		0.0076		-0.032		0.1358		-0.078		-0.050		-0.085		0.1138		0.0834		0.0106		-0.042		-0.058		-0.002		0.0164		-0.087		0.0746		0.0755		0.1494		0.0020		0.0501		0.0060		0.0133		-0.004		-0.074		0.0520		0.1334		0.1086		-0.103		0.0598		0.0515		-0.082		0.0157		0.0207		-0.014		-0.078		-0.042		0.0282		-0.062		-0.084		
[3] ->  -0.036		-0.052		-0.069		1.0000		0.0665		0.1524		-0.022		-0.007		-0.036		-0.156		0.0283		-0.020		0.0197		0.0608		0.0018		0.0157		0.0239		-0.039		0.0777		-0.027		0.0032		0.0358		-0.014		0.0458		0.0277		-0.041		0.0257		-0.094		0.0512		-0.036		-0.082		-0.048		-0.008		-0.092		0.0145		0.0859		-0.030		0.0671		-0.046		-0.156		0.0566		0.0289		0.0499		0.0145		-0.056		0.0897		0.0681		0.0746		-0.124		0.0360		
[4] ->  -0.006		0.0297		-0.121		0.0665		1.0000		-0.012		-0.013		-0.030		0.0014		-0.011		0.1022		-0.001		0.0323		0.0362		-0.056		0.0210		-0.081		-0.015		0.0297		0.0102		0.1141		-0.097		0.1077		-0.043		-0.051		-0.061		-0.015		0.0164		0.0685		-0.071		0.0333		-0.018		-0.019		0.0218		0.0019		-0.042		-0.008		-0.027		0.0655		-0.031		-0.051		0.0819		0.0695		-0.068		0.0554		0.0653		-0.025		-0.090		0.0266		0.0370		
[5] ->  0.1109		-0.019		0.0143		0.1524		-0.012		1.0000		0.0180		0.0241		-0.016		-0.021		0.0762		0.0213		0.0150		0.0502		-0.017		0.0240		-0.126		0.0860		-0.020		-0.077		-0.069		0.0818		0.0829		0.0665		-0.046		-0.153		0.0192		-0.007		0.0929		0.0279		-0.039		0.0909		-0.022		-0.032		-0.001		0.0064		-0.014		0.1117		-0.109		-0.010		0.1129		0.0508		-0.042		0.0189		-0.018		-0.033		0.0913		0.0101		0.0840		-0.013		
[6] ->  0.0718		0.0213		0.0750		-0.022		-0.013		0.0180		1.0000		0.0297		-0.047		0.1656		0.0782		0.1304		0.0314		-0.085		0.0623		-0.111		-0.058		0.0612		0.0251		-0.031		0.0627		-0.103		-0.074		0.0249		0.0085		-0.129		0.0906		0.0296		0.0220		0.0307		0.0333		0.1018		0.0623		-0.053		0.0174		0.0200		0.0366		0.1417		0.0560		-0.016		0.0525		-0.061		0.0292		-0.032		-0.016		0.0102		0.0186		0.2200		-0.089		0.1121		
[7] ->  0.0275		-0.141		0.0291		-0.007		-0.030		0.0241		0.0297		1.0000		-0.179		0.0105		-0.068		0.0929		0.1347		-0.009		-0.094		-0.071		-0.178		-0.085		-0.023		0.0919		0.0200		0.0557		-0.009		0.0393		0.0017		0.1529		0.0472		-0.031		-0.139		-0.076		0.0396		0.0568		0.0759		0.0423		0.0125		0.0158		0.0222		0.0974		-0.036		0.0826		0.0394		-0.152		0.0816		0.0213		0.0114		-0.033		0.0331		0.0664		-0.106		-0.048		
[8] ->  -0.003		0.0610		-0.036		-0.036		0.0014		-0.016		-0.047		-0.179		1.0000		-0.024		0.0888		-0.095		-0.058		-0.028		0.0282		-0.041		0.0873		-0.045		-0.040		-0.070		0.0380		-0.017		-0.037		-0.007		-0.019		-0.049		-0.073		0.0001		-0.009		0.0882		-0.047		0.0293		-0.067		0.0018		0.0487		0.0591		-0.026		0.0070		0.0204		0.0046		-0.038		-0.052		0.1263		-0.051		0.0794		-0.042		0.0666		0.0131		0.1150		-0.073		
[9] ->  0.0112		0.1671		-0.069		-0.156		-0.011		-0.021		0.1656		0.0105		-0.024		1.0000		0.0007		-0.000		-0.037		0.0521		0.0418		0.0250		0.0191		0.1142		-0.031		-0.052		-0.002		0.0853		0.0277		-0.030		-0.102		-0.028		0.0295		0.0275		-0.038		-0.026		0.1140		0.0041		0.0030		-0.156		-0.180		0.0997		-0.036		0.0828		-0.036		-0.056		0.0482		-0.027		0.0329		-0.024		0.0173		0.0416		-0.058		-0.007		0.0044		0.0418		
[10] ->  -0.053		0.0729		-0.054		0.0283		0.1022		0.0762		0.0782		-0.068		0.0888		0.0007		1.0000		-0.150		-0.085		0.0898		0.0406		-0.034		0.0069		0.0307		0.0970		-0.082		-0.040		-0.053		-0.060		0.0791		0.0300		0.0086		-0.056		0.1277		0.0346		-0.101		-0.045		0.0802		-0.014		-0.047		-0.020		-0.095		-0.007		0.0616		-0.002		-0.100		0.0062		-0.054		0.0851		-0.101		0.0777		0.1664		0.0250		-0.069		-0.031		0.1167		
[11] ->  0.0203		-0.067		-0.082		-0.020		-0.001		0.0213		0.1304		0.0929		-0.095		-0.000		-0.150		1.0000		0.0494		-0.026		0.0472		-0.062		0.0222		-0.070		-0.012		-0.028		0.0557		0.0439		-0.003		-0.021		-0.099		0.0002		0.0630		-0.091		-0.028		0.0853		0.0208		0.0312		-0.036		0.0361		0.0161		-0.119		0.1018		0.0489		-0.016		0.0944		0.0660		0.0627		0.0089		0.1066		0.0115		-0.021		0.0607		0.0218		-0.019		0.0110		
[12] ->  0.0701		0.0122		0.0076		0.0197		0.0323		0.0150		0.0314		0.1347		-0.058		-0.037		-0.085		0.0494		1.0000		-0.011		-0.048		-0.115		0.0325		-0.061		-0.032		0.0118		0.0230		-0.017		0.0225		0.0171		-0.071		-0.129		0.0085		-0.043		-0.002		-0.015		-0.073		-0.026		0.0481		0.0303		0.0817		-0.004		0.0366		0.0464		0.0151		-0.096		-0.037		0.0266		0.0251		0.0298		-0.055		-0.094		0.0222		0.0584		0.0022		0.0819		
[13] ->  0.0039		0.0718		-0.032		0.0608		0.0362		0.0502		-0.085		-0.009		-0.028		0.0521		0.0898		-0.026		-0.011		1.0000		0.0138		-0.064		-0.003		0.1127		0.0588		-0.071		-0.065		-0.009		0.0971		0.0324		0.0350		0.0284		0.0629		-0.088		-0.020		-0.012		0.1120		0.0549		-0.045		0.0344		-0.098		0.0522		0.0725		-0.048		0.0702		0.0997		0.0836		-0.117		-0.047		-0.060		-0.047		0.0606		0.0556		0.0134		-0.071		-0.008		
[14] ->  -0.039		0.1071		0.1358		0.0018		-0.056		-0.017		0.0623		-0.094		0.0282		0.0418		0.0406		0.0472		-0.048		0.0138		1.0000		0.0288		0.0503		0.0578		0.0574		-0.085		-0.079		0.1096		0.0757		-0.018		-0.020		-0.033		0.0420		-0.072		-0.076		0.1229		0.0554		0.0033		0.0340		0.0723		-0.084		-0.001		0.0813		0.1466		-0.077		-0.099		0.0071		0.0428		0.0423		-0.046		-0.087		0.0979		-0.046		-0.090		-0.025		-0.042		
[15] ->  -0.027		0.0120		-0.078		0.0157		0.0210		0.0240		-0.111		-0.071		-0.041		0.0250		-0.034		-0.062		-0.115		-0.064		0.0288		1.0000		0.0237		0.1199		0.1555		0.1032		-0.006		0.1158		0.0249		-0.030		0.0272		0.0067		-0.014		-0.036		-0.104		0.1529		-0.020		-0.099		-0.044		-0.089		0.1151		0.0301		0.0084		-0.082		-0.074		-0.084		0.0636		-0.014		-0.020		-0.079		0.0582		0.0058		0.1349		-0.108		-0.012		0.1003		
[16] ->  -0.071		-0.079		-0.050		0.0239		-0.081		-0.126		-0.058		-0.178		0.0873		0.0191		0.0069		0.0222		0.0325		-0.003		0.0503		0.0237		1.0000		0.0873		0.0122		-0.027		-0.041		0.0080		-0.000		0.0707		-0.106		0.0388		0.0093		-0.017		-0.051		0.0254		-0.046		0.0531		0.0900		0.0227		0.1573		0.1510		-0.114		-0.162		0.0838		-0.044		-0.026		-0.021		-0.043		-0.001		-0.087		0.0049		-0.035		0.0041		-0.059		-0.025		
[17] ->  0.0542		0.1399		-0.085		-0.039		-0.015		0.0860		0.0612		-0.085		-0.045		0.1142		0.0307		-0.070		-0.061		0.1127		0.0578		0.1199		0.0873		1.0000		0.0878		-0.134		0.0497		-0.015		0.0655		-0.046		-0.154		0.0787		-0.075		0.0767		-0.148		0.0248		0.0337		0.0568		0.0086		0.0085		-0.071		0.0219		0.0466		-0.099		-0.134		0.0495		-0.020		-0.081		-0.111		0.1155		0.0468		0.0447		0.1159		-0.006		0.0090		-0.049		
[18] ->  -0.050		0.0340		0.1138		0.0777		0.0297		-0.020		0.0251		-0.023		-0.040		-0.031		0.0970		-0.012		-0.032		0.0588		0.0574		0.1555		0.0122		0.0878		1.0000		-0.030		0.1346		-0.019		0.0034		0.0001		-0.044		0.1194		0.0771		-0.055		-0.059		0.0722		-0.008		-0.088		-0.017		-0.003		-0.079		-0.016		0.0427		0.0251		-0.076		-0.036		0.0613		0.0617		0.0180		0.0278		-0.104		0.0240		-0.008		-0.025		0.0539		0.1379		
[19] ->  0.1207		-0.092		0.0834		-0.027		0.0102		-0.077		-0.031		0.0919		-0.070		-0.052		-0.082		-0.028		0.0118		-0.071		-0.085		0.1032		-0.027		-0.134		-0.030		1.0000		-0.017		-0.035		-0.005		-0.035		0.0081		0.0136		-0.095		-0.042		0.0305		0.0408		-0.043		0.0073		-0.016		-0.034		0.1223		0.0293		-0.001		0.1263		-0.042		0.0333		-0.048		-0.096		0.0737		0.0079		-0.079		0.0315		0.0307		0.1008		-0.122		0.0172		
[20] ->  0.0317		-0.077		0.0106		0.0032		0.1141		-0.069		0.0627		0.0200		0.0380		-0.002		-0.040		0.0557		0.0230		-0.065		-0.079		-0.006		-0.041		0.0497		0.1346		-0.017		1.0000		0.0061		-0.074		0.0757		-0.090		0.1024		-0.081		0.0123		-0.006		0.0062		-0.079		0.0632		0.1244		0.0091		-0.049		0.1542		0.0525		0.0044		-0.029		0.0345		-0.011		-0.025		0.0342		0.1518		0.0322		0.0772		0.0296		-0.023		0.0554		0.0104		
[21] ->  -0.040		0.0722		-0.042		0.0358		-0.097		0.0818		-0.103		0.0557		-0.017		0.0853		-0.053		0.0439		-0.017		-0.009		0.1096		0.1158		0.0080		-0.015		-0.019		-0.035		0.0061		1.0000		0.0247		0.0154		-0.028		-0.069		-0.029		-0.080		-0.154		-0.025		0.0484		0.0011		0.0200		-0.063		-0.009		0.0869		0.0355		-0.078		-0.048		-0.076		-0.068		0.0083		-0.007		0.0925		0.0020		0.0061		0.0921		-0.026		-0.057		0.0676		
[22] ->  0.0063		0.0072		-0.058		-0.014		0.1077		0.0829		-0.074		-0.009		-0.037		0.0277		-0.060		-0.003		0.0225		0.0971		0.0757		0.0249		-0.000		0.0655		0.0034		-0.005		-0.074		0.0247		1.0000		-0.051		0.0061		-0.155		0.0020		-0.055		-0.011		-0.008		0.0150		-0.001		0.0479		0.0286		0.0867		0.0052		0.0795		-0.013		0.0264		0.0485		-0.044		-0.037		-0.091		0.0095		0.0365		-0.011		-0.040		0.0025		-0.047		-0.008		
[23] ->  0.0055		-0.046		-0.002		0.0458		-0.043		0.0665		0.0249		0.0393		-0.007		-0.030		0.0791		-0.021		0.0171		0.0324		-0.018		-0.030		0.0707		-0.046		0.0001		-0.035		0.0757		0.0154		-0.051		1.0000		0.0151		0.0162		-0.020		0.0063		-0.006		-0.034		0.0708		0.0585		-0.045		-0.002		0.1212		-0.054		-0.070		-0.119		-0.001		-0.096		-0.025		-0.062		-0.083		0.0466		0.0427		0.0055		-0.055		-0.005		-0.026		-0.001		
[24] ->  -0.061		-0.069		0.0164		0.0277		-0.051		-0.046		0.0085		0.0017		-0.019		-0.102		0.0300		-0.099		-0.071		0.0350		-0.020		0.0272		-0.106		-0.154		-0.044		0.0081		-0.090		-0.028		0.0061		0.0151		1.0000		-0.088		0.0914		0.0909		0.0153		-0.114		-0.098		-0.058		-0.102		-0.085		0.0124		-0.107		0.0362		0.1171		0.0086		0.0085		0.1153		-0.131		0.0130		-0.082		-0.027		-0.080		0.0326		0.0893		-0.055		-0.025		
[25] ->  -0.043		-0.010		-0.087		-0.041		-0.061		-0.153		-0.129		0.1529		-0.049		-0.028		0.0086		0.0002		-0.129		0.0284		-0.033		0.0067		0.0388		0.0787		0.1194		0.0136		0.1024		-0.069		-0.155		0.0162		-0.088		1.0000		-0.068		0.0284		0.0362		-0.035		0.1220		0.0308		0.0215		-0.059		-0.105		0.0400		-0.095		-0.009		-0.010		-0.008		-0.090		-0.054		-0.023		0.0196		0.0344		-0.019		-0.084		0.0032		0.1303		-0.106		
[26] ->  -0.017		-0.016		0.0746		0.0257		-0.015		0.0192		0.0906		0.0472		-0.073		0.0295		-0.056		0.0630		0.0085		0.0629		0.0420		-0.014		0.0093		-0.075		0.0771		-0.095		-0.081		-0.029		0.0020		-0.020		0.0914		-0.068		1.0000		-0.061		-0.031		0.1141		0.0157		-0.090		0.0265		0.0189		-0.037		0.0712		0.0741		0.0072		0.0227		0.0368		0.0263		-0.067		-0.073		0.0847		-0.117		-0.016		0.0562		0.0366		-0.035		-0.034		
[27] ->  0.0955		0.0237		0.0755		-0.094		0.0164		-0.007		0.0296		-0.031		0.0001		0.0275		0.1277		-0.091		-0.043		-0.088		-0.072		-0.036		-0.017		0.0767		-0.055		-0.042		0.0123		-0.080		-0.055		0.0063		0.0909		0.0284		-0.061		1.0000		0.0154		0.0525		0.0027		-0.068		-0.030		0.0452		0.0050		-0.049		-0.024		-0.078		-0.066		0.0229		0.0174		0.0741		0.0047		-0.037		-0.088		-0.015		0.0190		0.0415		-0.022		0.0032		
[28] ->  0.0884		-0.098		0.1494		0.0512		0.0685		0.0929		0.0220		-0.139		-0.009		-0.038		0.0346		-0.028		-0.002		-0.020		-0.076		-0.104		-0.051		-0.148		-0.059		0.0305		-0.006		-0.154		-0.011		-0.006		0.0153		0.0362		-0.031		0.0154		1.0000		-0.073		0.0198		0.0121		-0.131		0.0573		-0.086		0.0502		-0.078		0.0148		-0.096		-0.043		0.0181		-0.077		-0.043		-0.011		0.0614		0.1218		-0.052		0.0191		-0.001		0.0159		
[29] ->  0.0809		0.0844		0.0020		-0.036		-0.071		0.0279		0.0307		-0.076		0.0882		-0.026		-0.101		0.0853		-0.015		-0.012		0.1229		0.1529		0.0254		0.0248		0.0722		0.0408		0.0062		-0.025		-0.008		-0.034		-0.114		-0.035		0.1141		0.0525		-0.073		1.0000		0.0920		0.0479		0.0317		-0.001		-0.045		-0.014		0.0188		0.0744		0.0764		-0.013		0.0364		0.0663		-0.046		-0.015		-0.063		0.0165		0.0753		0.0315		-0.077		-0.118		
[30] ->  0.0536		0.0238		0.0501		-0.082		0.0333		-0.039		0.0333		0.0396		-0.047		0.1140		-0.045		0.0208		-0.073		0.1120		0.0554		-0.020		-0.046		0.0337		-0.008		-0.043		-0.079		0.0484		0.0150		0.0708		-0.098		0.1220		0.0157		0.0027		0.0198		0.0920		1.0000		0.0589		-0.028		0.0204		-0.052		0.0166		-0.156		-0.021		-0.027		0.0130		-0.102		0.0762		-0.079		0.0572		0.1348		0.0026		0.1004		-0.112		0.0321		-0.049		
[31] ->  -0.030		-0.103		0.0060		-0.048		-0.018		0.0909		0.1018		0.0568		0.0293		0.0041		0.0802		0.0312		-0.026		0.0549		0.0033		-0.099		0.0531		0.0568		-0.088		0.0073		0.0632		0.0011		-0.001		0.0585		-0.058		0.0308		-0.090		-0.068		0.0121		0.0479		0.0589		1.0000		0.1118		0.0213		-0.071		0.0200		-0.016		0.0866		-0.010		0.0149		0.1833		0.0001		0.0898		0.0529		0.0806		0.0892		-0.025		0.1525		0.1196		-0.018		
[32] ->  0.0250		0.0051		0.0133		-0.008		-0.019		-0.022		0.0623		0.0759		-0.067		0.0030		-0.014		-0.036		0.0481		-0.045		0.0340		-0.044		0.0900		0.0086		-0.017		-0.016		0.1244		0.0200		0.0479		-0.045		-0.102		0.0215		0.0265		-0.030		-0.131		0.0317		-0.028		0.1118		1.0000		0.0138		0.0105		0.0889		-0.061		-0.058		-0.015		-0.109		-0.016		-0.114		-0.047		-0.077		-0.040		-0.060		-0.022		0.0324		-0.037		-0.122		
[33] ->  0.1468		-0.015		-0.004		-0.092		0.0218		-0.032		-0.053		0.0423		0.0018		-0.156		-0.047		0.0361		0.0303		0.0344		0.0723		-0.089		0.0227		0.0085		-0.003		-0.034		0.0091		-0.063		0.0286		-0.002		-0.085		-0.059		0.0189		0.0452		0.0573		-0.001		0.0204		0.0213		0.0138		1.0000		0.0398		-0.031		-0.084		-0.081		0.0367		-0.068		-0.143		-0.067		0.0030		-0.018		-0.026		0.1220		-0.036		-0.024		-0.026		-0.016		
[34] ->  0.0157		-0.072		-0.074		0.0145		0.0019		-0.001		0.0174		0.0125		0.0487		-0.180		-0.020		0.0161		0.0817		-0.098		-0.084		0.1151		0.1573		-0.071		-0.079		0.1223		-0.049		-0.009		0.0867		0.1212		0.0124		-0.105		-0.037		0.0050		-0.086		-0.045		-0.052		-0.071		0.0105		0.0398		1.0000		-0.063		-0.055		-0.075		-0.040		-0.040		-0.053		-0.080		-0.058		-0.028		0.0017		-0.076		-0.027		-0.001		-0.084		0.0183		
[35] ->  -0.008		0.0225		0.0520		0.0859		-0.042		0.0064		0.0200		0.0158		0.0591		0.0997		-0.095		-0.119		-0.004		0.0522		-0.001		0.0301		0.1510		0.0219		-0.016		0.0293		0.1542		0.0869		0.0052		-0.054		-0.107		0.0400		0.0712		-0.049		0.0502		-0.014		0.0166		0.0200		0.0889		-0.031		-0.063		1.0000		0.0070		-0.003		-0.080		-0.039		-0.053		-0.090		0.0112		-0.050		-0.096		0.0033		-0.034		0.1591		0.0257		0.0030		
[36] ->  -0.062		0.1861		0.1334		-0.030		-0.008		-0.014		0.0366		0.0222		-0.026		-0.036		-0.007		0.1018		0.0366		0.0725		0.0813		0.0084		-0.114		0.0466		0.0427		-0.001		0.0525		0.0355		0.0795		-0.070		0.0362		-0.095		0.0741		-0.024		-0.078		0.0188		-0.156		-0.016		-0.061		-0.084		-0.055		0.0070		1.0000		0.0250		-0.058		0.0426		0.0571		0.0324		-0.013		0.0587		-0.114		0.0816		0.0301		0.0957		-0.018		0.1388		
[37] ->  -0.012		-0.124		0.1086		0.0671		-0.027		0.1117		0.1417		0.0974		0.0070		0.0828		0.0616		0.0489		0.0464		-0.048		0.1466		-0.082		-0.162		-0.099		0.0251		0.1263		0.0044		-0.078		-0.013		-0.119		0.1171		-0.009		0.0072		-0.078		0.0148		0.0744		-0.021		0.0866		-0.058		-0.081		-0.075		-0.003		0.0250		1.0000		0.0778		0.0704		-0.035		-0.047		-0.002		-0.044		-0.103		0.0274		-0.082		0.0787		0.0634		0.0020		
[38] ->  -0.023		0.0333		-0.103		-0.046		0.0655		-0.109		0.0560		-0.036		0.0204		-0.036		-0.002		-0.016		0.0151		0.0702		-0.077		-0.074		0.0838		-0.134		-0.076		-0.042		-0.029		-0.048		0.0264		-0.001		0.0086		-0.010		0.0227		-0.066		-0.096		0.0764		-0.027		-0.010		-0.015		0.0367		-0.040		-0.080		-0.058		0.0778		1.0000		0.1584		-0.017		0.0233		-0.029		0.0156		-0.089		-0.043		-0.156		0.1150		-0.065		-0.005		
[39] ->  -0.057		-0.117		0.0598		-0.156		-0.031		-0.010		-0.016		0.0826		0.0046		-0.056		-0.100		0.0944		-0.096		0.0997		-0.099		-0.084		-0.044		0.0495		-0.036		0.0333		0.0345		-0.076		0.0485		-0.096		0.0085		-0.008		0.0368		0.0229		-0.043		-0.013		0.0130		0.0149		-0.109		-0.068		-0.040		-0.039		0.0426		0.0704		0.1584		1.0000		0.0307		-0.009		-0.018		0.1048		-0.070		-0.122		-0.006		0.0599		-0.065		-0.098		
[40] ->  0.0387		-0.078		0.0515		0.0566		-0.051		0.1129		0.0525		0.0394		-0.038		0.0482		0.0062		0.0660		-0.037		0.0836		0.0071		0.0636		-0.026		-0.020		0.0613		-0.048		-0.011		-0.068		-0.044		-0.025		0.1153		-0.090		0.0263		0.0174		0.0181		0.0364		-0.102		0.1833		-0.016		-0.143		-0.053		-0.053		0.0571		-0.035		-0.017		0.0307		1.0000		0.0428		0.0137		0.0853		-0.060		0.0537		0.0431		0.0766		-0.004		0.0834		
[41] ->  0.0109		0.0178		-0.082		0.0289		0.0819		0.0508		-0.061		-0.152		-0.052		-0.027		-0.054		0.0627		0.0266		-0.117		0.0428		-0.014		-0.021		-0.081		0.0617		-0.096		-0.025		0.0083		-0.037		-0.062		-0.131		-0.054		-0.067		0.0741		-0.077		0.0663		0.0762		0.0001		-0.114		-0.067		-0.080		-0.090		0.0324		-0.047		0.0233		-0.009		0.0428		1.0000		0.0801		0.0478		0.0080		-0.055		-0.004		-0.121		0.0533		0.0913		
[42] ->  0.0314		0.0154		0.0157		0.0499		0.0695		-0.042		0.0292		0.0816		0.1263		0.0329		0.0851		0.0089		0.0251		-0.047		0.0423		-0.020		-0.043		-0.111		0.0180		0.0737		0.0342		-0.007		-0.091		-0.083		0.0130		-0.023		-0.073		0.0047		-0.043		-0.046		-0.079		0.0898		-0.047		0.0030		-0.058		0.0112		-0.013		-0.002		-0.029		-0.018		0.0137		0.0801		1.0000		-0.040		-0.025		0.0527		0.0568		0.0441		0.0921		-0.023		
[43] ->  -0.055		-0.071		0.0207		0.0145		-0.068		0.0189		-0.032		0.0213		-0.051		-0.024		-0.101		0.1066		0.0298		-0.060		-0.046		-0.079		-0.001		0.1155		0.0278		0.0079		0.1518		0.0925		0.0095		0.0466		-0.082		0.0196		0.0847		-0.037		-0.011		-0.015		0.0572		0.0529		-0.077		-0.018		-0.028		-0.050		0.0587		-0.044		0.0156		0.1048		0.0853		0.0478		-0.040		1.0000		0.0780		-0.016		0.0939		-0.023		0.0336		-0.006		
[44] ->  0.1413		-0.062		-0.014		-0.056		0.0554		-0.018		-0.016		0.0114		0.0794		0.0173		0.0777		0.0115		-0.055		-0.047		-0.087		0.0582		-0.087		0.0468		-0.104		-0.079		0.0322		0.0020		0.0365		0.0427		-0.027		0.0344		-0.117		-0.088		0.0614		-0.063		0.1348		0.0806		-0.040		-0.026		0.0017		-0.096		-0.114		-0.103		-0.089		-0.070		-0.060		0.0080		-0.025		0.0780		1.0000		0.0549		0.0151		-0.075		0.0778		0.0562		
[45] ->  0.0800		0.0283		-0.078		0.0897		0.0653		-0.033		0.0102		-0.033		-0.042		0.0416		0.1664		-0.021		-0.094		0.0606		0.0979		0.0058		0.0049		0.0447		0.0240		0.0315		0.0772		0.0061		-0.011		0.0055		-0.080		-0.019		-0.016		-0.015		0.1218		0.0165		0.0026		0.0892		-0.060		0.1220		-0.076		0.0033		0.0816		0.0274		-0.043		-0.122		0.0537		-0.055		0.0527		-0.016		0.0549		1.0000		0.0003		-0.015		0.0014		0.0146		
[46] ->  -0.098		0.0069		-0.042		0.0681		-0.025		0.0913		0.0186		0.0331		0.0666		-0.058		0.0250		0.0607		0.0222		0.0556		-0.046		0.1349		-0.035		0.1159		-0.008		0.0307		0.0296		0.0921		-0.040		-0.055		0.0326		-0.084		0.0562		0.0190		-0.052		0.0753		0.1004		-0.025		-0.022		-0.036		-0.027		-0.034		0.0301		-0.082		-0.156		-0.006		0.0431		-0.004		0.0568		0.0939		0.0151		0.0003		1.0000		-0.102		0.0743		-0.045		
[47] ->  0.0789		0.0284		0.0282		0.0746		-0.090		0.0101		0.2200		0.0664		0.0131		-0.007		-0.069		0.0218		0.0584		0.0134		-0.090		-0.108		0.0041		-0.006		-0.025		0.1008		-0.023		-0.026		0.0025		-0.005		0.0893		0.0032		0.0366		0.0415		0.0191		0.0315		-0.112		0.1525		0.0324		-0.024		-0.001		0.1591		0.0957		0.0787		0.1150		0.0599		0.0766		-0.121		0.0441		-0.023		-0.075		-0.015		-0.102		1.0000		-0.076		-0.001		
[48] ->  0.0775		-0.043		-0.062		-0.124		0.0266		0.0840		-0.089		-0.106		0.1150		0.0044		-0.031		-0.019		0.0022		-0.071		-0.025		-0.012		-0.059		0.0090		0.0539		-0.122		0.0554		-0.057		-0.047		-0.026		-0.055		0.1303		-0.035		-0.022		-0.001		-0.077		0.0321		0.1196		-0.037		-0.026		-0.084		0.0257		-0.018		0.0634		-0.065		-0.065		-0.004		0.0533		0.0921		0.0336		0.0778		0.0014		0.0743		-0.076		1.0000		-0.027		
[49] ->  -0.084		0.0613		-0.084		0.0360		0.0370		-0.013		0.1121		-0.048		-0.073		0.0418		0.1167		0.0110		0.0819		-0.008		-0.042		0.1003		-0.025		-0.049		0.1379		0.0172		0.0104		0.0676		-0.008		-0.001		-0.025		-0.106		-0.034		0.0032		0.0159		-0.118		-0.049		-0.018		-0.122		-0.016		0.0183		0.0030		0.1388		0.0020		-0.005		-0.098		0.0834		0.0913		-0.023		-0.006		0.0562		0.0146		-0.045		-0.001		-0.027		1.0000		
----------------------------------
Vecinos utilizados para calcular Usuario 0 -> Item 205
[(33, 0.14684771362995325), (44, 0.14130816106273408), (19, 0.12066912035483549), (5, 0.11087423256916733), (27, 0.0954991451112897)]
Resultado prediccion: 2.4238
----------------------------------
Vecinos utilizados para calcular Usuario 1 -> Item 118
[(36, 0.18605084503643757), (9, 0.16712685002872213), (17, 0.13991455164682146), (14, 0.10706857797666558), (29, 0.08435279239830916)]
Resultado prediccion: 2.352
----------------------------------
Vecinos utilizados para calcular Usuario 1 -> Item 199
[(36, 0.18605084503643757), (9, 0.16712685002872213), (17, 0.13991455164682146), (14, 0.10706857797666558), (29, 0.08435279239830916)]
Resultado prediccion: 3.91
----------------------------------
Vecinos utilizados para calcular Usuario 1 -> Item 228
[(36, 0.18605084503643757), (9, 0.16712685002872213), (17, 0.13991455164682146), (14, 0.10706857797666558), (29, 0.08435279239830916)]
Resultado prediccion: 1.5094
----------------------------------
Vecinos utilizados para calcular Usuario 1 -> Item 229
[(36, 0.18605084503643757), (9, 0.16712685002872213), (17, 0.13991455164682146), (14, 0.10706857797666558), (29, 0.08435279239830916)]
Resultado prediccion: 3.2244
----------------------------------
Vecinos utilizados para calcular Usuario 1 -> Item 249
[(36, 0.18605084503643757), (9, 0.16712685002872213), (17, 0.13991455164682146), (14, 0.10706857797666558), (29, 0.08435279239830916)]
Resultado prediccion: 2.9547
----------------------------------
Vecinos utilizados para calcular Usuario 2 -> Item 4
[(28, 0.14935240536629724), (14, 0.13576747364404726), (36, 0.13340694598834268), (18, 0.11382887664072619), (37, 0.1085907037011975)]
Resultado prediccion: 2.4375
----------------------------------
Vecinos utilizados para calcular Usuario 2 -> Item 10
[(28, 0.14935240536629724), (14, 0.13576747364404726), (36, 0.13340694598834268), (18, 0.11382887664072619), (37, 0.1085907037011975)]
Resultado prediccion: 1.44
----------------------------------
Vecinos utilizados para calcular Usuario 2 -> Item 68
[(28, 0.14935240536629724), (14, 0.13576747364404726), (36, 0.13340694598834268), (18, 0.11382887664072619), (37, 0.1085907037011975)]
Resultado prediccion: 1.3519
----------------------------------
Vecinos utilizados para calcular Usuario 3 -> Item 70
[(5, 0.15243559826657224), (45, 0.08972587679407133), (35, 0.08585324628772466), (18, 0.07770142050271435), (47, 0.07462850929457698)]
Resultado prediccion: 1.2681
----------------------------------
Vecinos utilizados para calcular Usuario 3 -> Item 83
[(5, 0.15243559826657224), (45, 0.08972587679407133), (35, 0.08585324628772466), (18, 0.07770142050271435), (47, 0.07462850929457698)]
Resultado prediccion: 2.7289
----------------------------------
Vecinos utilizados para calcular Usuario 3 -> Item 84
[(5, 0.15243559826657224), (45, 0.08972587679407133), (35, 0.08585324628772466), (18, 0.07770142050271435), (47, 0.07462850929457698)]
Resultado prediccion: 3.843
----------------------------------
Vecinos utilizados para calcular Usuario 4 -> Item 22
[(20, 0.11412287658100694), (22, 0.10772761706210217), (10, 0.10224573138003976), (41, 0.08186368416518877), (42, 0.06951212919517154)]
Resultado prediccion: 2.3718
----------------------------------
Vecinos utilizados para calcular Usuario 4 -> Item 143
[(20, 0.11412287658100694), (22, 0.10772761706210217), (10, 0.10224573138003976), (41, 0.08186368416518877), (42, 0.06951212919517154)]
Resultado prediccion: 1.5764
----------------------------------
Vecinos utilizados para calcular Usuario 4 -> Item 209
[(20, 0.11412287658100694), (22, 0.10772761706210217), (10, 0.10224573138003976), (41, 0.08186368416518877), (42, 0.06951212919517154)]
Resultado prediccion: 1.9784
----------------------------------
Vecinos utilizados para calcular Usuario 6 -> Item 246
[(47, 0.22004035961866145), (9, 0.1656215599265934), (37, 0.14169430852485046), (11, 0.13041753178109627), (49, 0.11208938913211752)]
Resultado prediccion: 2.4575
----------------------------------
Vecinos utilizados para calcular Usuario 7 -> Item 14
[(25, 0.15293942431342475), (12, 0.1346570492885799), (37, 0.09737430398522466), (11, 0.09293865189601931), (19, 0.09190532735503364)]
Resultado prediccion: 2.4364
----------------------------------
Vecinos utilizados para calcular Usuario 7 -> Item 66
[(25, 0.15293942431342475), (12, 0.1346570492885799), (37, 0.09737430398522466), (11, 0.09293865189601931), (19, 0.09190532735503364)]
Resultado prediccion: 2.0116
----------------------------------
Vecinos utilizados para calcular Usuario 7 -> Item 108
[(25, 0.15293942431342475), (12, 0.1346570492885799), (37, 0.09737430398522466), (11, 0.09293865189601931), (19, 0.09190532735503364)]
Resultado prediccion: 2.9409
----------------------------------
Vecinos utilizados para calcular Usuario 7 -> Item 143
[(25, 0.15293942431342475), (12, 0.1346570492885799), (37, 0.09737430398522466), (11, 0.09293865189601931), (19, 0.09190532735503364)]
Resultado prediccion: 2.4668
----------------------------------
Vecinos utilizados para calcular Usuario 7 -> Item 163
[(25, 0.15293942431342475), (12, 0.1346570492885799), (37, 0.09737430398522466), (11, 0.09293865189601931), (19, 0.09190532735503364)]
Resultado prediccion: 2.3902
----------------------------------
Vecinos utilizados para calcular Usuario 8 -> Item 164
[(42, 0.12627118964948808), (48, 0.11501799835530141), (10, 0.08880342780639726), (29, 0.0881983884941177), (16, 0.08727778813253056)]
Resultado prediccion: 1.6273
----------------------------------
Vecinos utilizados para calcular Usuario 9 -> Item 181
[(1, 0.16712685002872213), (6, 0.1656215599265934), (17, 0.11423901848733148), (30, 0.11395411952315795), (35, 0.09972805760368794)]
Resultado prediccion: 2.8151
----------------------------------
Vecinos utilizados para calcular Usuario 9 -> Item 185
[(1, 0.16712685002872213), (6, 0.1656215599265934), (17, 0.11423901848733148), (30, 0.11395411952315795), (35, 0.09972805760368794)]
Resultado prediccion: 2.8221
----------------------------------
Vecinos utilizados para calcular Usuario 11 -> Item 71
[(6, 0.13041753178109627), (43, 0.10659652779648131), (36, 0.1017928901852746), (39, 0.0943943865310348), (7, 0.09293865189601931)]
Resultado prediccion: 1.4894
----------------------------------
Vecinos utilizados para calcular Usuario 11 -> Item 229
[(6, 0.13041753178109627), (43, 0.10659652779648131), (36, 0.1017928901852746), (39, 0.0943943865310348), (7, 0.09293865189601931)]
Resultado prediccion: 1.5653
----------------------------------
Vecinos utilizados para calcular Usuario 12 -> Item 47
[(7, 0.1346570492885799), (49, 0.08185985542239228), (34, 0.08173289476757885), (0, 0.07007439752564061), (47, 0.05835801151459209)]
Resultado prediccion: 2.7524
----------------------------------
Vecinos utilizados para calcular Usuario 13 -> Item 6
[(17, 0.1127170303169786), (30, 0.11201420964343685), (39, 0.0997073602523125), (22, 0.09713003898018714), (10, 0.08983116979353846)]
Resultado prediccion: 3.699
----------------------------------
Vecinos utilizados para calcular Usuario 13 -> Item 55
[(17, 0.1127170303169786), (30, 0.11201420964343685), (39, 0.0997073602523125), (22, 0.09713003898018714), (10, 0.08983116979353846)]
Resultado prediccion: 3.2675
----------------------------------
Vecinos utilizados para calcular Usuario 13 -> Item 73
[(17, 0.1127170303169786), (30, 0.11201420964343685), (39, 0.0997073602523125), (10, 0.08983116979353846), (40, 0.08361048429943387)]
Resultado prediccion: 2.4377
----------------------------------
Vecinos utilizados para calcular Usuario 13 -> Item 87
[(17, 0.1127170303169786), (30, 0.11201420964343685), (39, 0.0997073602523125), (22, 0.09713003898018714), (10, 0.08983116979353846)]
Resultado prediccion: 2.1964
----------------------------------
Vecinos utilizados para calcular Usuario 13 -> Item 143
[(17, 0.1127170303169786), (30, 0.11201420964343685), (39, 0.0997073602523125), (22, 0.09713003898018714), (10, 0.08983116979353846)]
Resultado prediccion: 1.5519
----------------------------------
Vecinos utilizados para calcular Usuario 14 -> Item 144
[(37, 0.14656095775264846), (2, 0.13576747364404726), (29, 0.12292184980051173), (21, 0.10956817558312798), (1, 0.10706857797666558)]
Resultado prediccion: 2.7359
----------------------------------
Vecinos utilizados para calcular Usuario 14 -> Item 201
[(37, 0.14656095775264846), (2, 0.13576747364404726), (29, 0.12292184980051173), (21, 0.10956817558312798), (1, 0.10706857797666558)]
Resultado prediccion: 2.884
----------------------------------
Vecinos utilizados para calcular Usuario 15 -> Item 12
[(18, 0.15547411632194272), (29, 0.1528652282404166), (46, 0.13486397617043921), (17, 0.11992084563763669), (21, 0.11584309100033727)]
Resultado prediccion: 4.0849
----------------------------------
Vecinos utilizados para calcular Usuario 15 -> Item 79
[(18, 0.15547411632194272), (29, 0.1528652282404166), (46, 0.13486397617043921), (17, 0.11992084563763669), (21, 0.11584309100033727)]
Resultado prediccion: 2.4054
----------------------------------
Vecinos utilizados para calcular Usuario 15 -> Item 109
[(18, 0.15547411632194272), (29, 0.1528652282404166), (46, 0.13486397617043921), (17, 0.11992084563763669), (21, 0.11584309100033727)]
Resultado prediccion: 2.4293
----------------------------------
Vecinos utilizados para calcular Usuario 16 -> Item 1
[(34, 0.15728350327761045), (35, 0.15104898129219854), (32, 0.09003435983647264), (17, 0.08732057776953986), (8, 0.08727778813253056)]
Resultado prediccion: 3.8078
----------------------------------
Vecinos utilizados para calcular Usuario 16 -> Item 36
[(34, 0.15728350327761045), (35, 0.15104898129219854), (32, 0.09003435983647264), (17, 0.08732057776953986), (8, 0.08727778813253056)]
Resultado prediccion: 3.1511
----------------------------------
Vecinos utilizados para calcular Usuario 16 -> Item 187
[(34, 0.15728350327761045), (35, 0.15104898129219854), (32, 0.09003435983647264), (17, 0.08732057776953986), (8, 0.08727778813253056)]
Resultado prediccion: 3.1508
----------------------------------
Vecinos utilizados para calcular Usuario 17 -> Item 107
[(1, 0.13991455164682146), (15, 0.11992084563763669), (46, 0.1158657883471469), (43, 0.11554301982379563), (9, 0.11423901848733148)]
Resultado prediccion: 2.9949
----------------------------------
Vecinos utilizados para calcular Usuario 17 -> Item 182
[(1, 0.13991455164682146), (15, 0.11992084563763669), (46, 0.1158657883471469), (43, 0.11554301982379563), (9, 0.11423901848733148)]
Resultado prediccion: 2.6114
----------------------------------
Vecinos utilizados para calcular Usuario 18 -> Item 177
[(15, 0.15547411632194272), (49, 0.1379244474048603), (20, 0.13459842781014253), (25, 0.11940028063426227), (2, 0.11382887664072619)]
Resultado prediccion: 3.856
----------------------------------
Vecinos utilizados para calcular Usuario 18 -> Item 194
[(15, 0.15547411632194272), (49, 0.1379244474048603), (20, 0.13459842781014253), (25, 0.11940028063426227), (2, 0.11382887664072619)]
Resultado prediccion: 3.5862
----------------------------------
Vecinos utilizados para calcular Usuario 19 -> Item 92
[(37, 0.1263045095377071), (34, 0.12231376995245948), (0, 0.12066912035483549), (15, 0.1031508112983529), (47, 0.10075277635817334)]
Resultado prediccion: 2.8468
----------------------------------
Vecinos utilizados para calcular Usuario 19 -> Item 158
[(37, 0.1263045095377071), (34, 0.12231376995245948), (0, 0.12066912035483549), (15, 0.1031508112983529), (47, 0.10075277635817334)]
Resultado prediccion: 2.6846
----------------------------------
Vecinos utilizados para calcular Usuario 20 -> Item 39
[(35, 0.1541968850729324), (43, 0.15177332169116783), (18, 0.13459842781014253), (32, 0.12444895328601147), (4, 0.11412287658100694)]
Resultado prediccion: 1.5884
----------------------------------
Vecinos utilizados para calcular Usuario 20 -> Item 62
[(35, 0.1541968850729324), (43, 0.15177332169116783), (18, 0.13459842781014253), (32, 0.12444895328601147), (4, 0.11412287658100694)]
Resultado prediccion: 2.8531
----------------------------------
Vecinos utilizados para calcular Usuario 20 -> Item 125
[(35, 0.1541968850729324), (43, 0.15177332169116783), (18, 0.13459842781014253), (32, 0.12444895328601147), (4, 0.11412287658100694)]
Resultado prediccion: 2.2389
----------------------------------
Vecinos utilizados para calcular Usuario 20 -> Item 163
[(35, 0.1541968850729324), (43, 0.15177332169116783), (18, 0.13459842781014253), (32, 0.12444895328601147), (4, 0.11412287658100694)]
Resultado prediccion: 2.2656
----------------------------------
Vecinos utilizados para calcular Usuario 20 -> Item 227
[(35, 0.1541968850729324), (43, 0.15177332169116783), (18, 0.13459842781014253), (32, 0.12444895328601147), (4, 0.11412287658100694)]
Resultado prediccion: 2.1006
----------------------------------
Vecinos utilizados para calcular Usuario 21 -> Item 115
[(15, 0.11584309100033727), (14, 0.10956817558312798), (43, 0.092468373971179), (46, 0.09207196817458063), (35, 0.08688796668131825)]
Resultado prediccion: 3.594
----------------------------------
Vecinos utilizados para calcular Usuario 21 -> Item 147
[(15, 0.11584309100033727), (14, 0.10956817558312798), (43, 0.092468373971179), (46, 0.09207196817458063), (35, 0.08688796668131825)]
Resultado prediccion: 2.6292
----------------------------------
Vecinos utilizados para calcular Usuario 21 -> Item 226
[(15, 0.11584309100033727), (14, 0.10956817558312798), (43, 0.092468373971179), (46, 0.09207196817458063), (35, 0.08688796668131825)]
Resultado prediccion: 4.2548
----------------------------------
Vecinos utilizados para calcular Usuario 22 -> Item 73
[(4, 0.10772761706210217), (34, 0.08667158063288113), (5, 0.08290645646583973), (36, 0.07945112133863355), (14, 0.07570208393666855)]
Resultado prediccion: 0.8483
----------------------------------
Vecinos utilizados para calcular Usuario 22 -> Item 223
[(4, 0.10772761706210217), (13, 0.09713003898018714), (34, 0.08667158063288113), (5, 0.08290645646583973), (36, 0.07945112133863355)]
Resultado prediccion: 3.3418
----------------------------------
Vecinos utilizados para calcular Usuario 23 -> Item 203
[(34, 0.12122469235501002), (10, 0.07909722461327855), (20, 0.07570746474707396), (30, 0.07082184370513928), (16, 0.07070425765862573)]
Resultado prediccion: 2.8626
----------------------------------
Vecinos utilizados para calcular Usuario 24 -> Item 166
[(37, 0.11712243187163801), (40, 0.11527576495635235), (26, 0.09137074565766498), (27, 0.09090329020257808), (47, 0.08928843680911944)]
Resultado prediccion: 3.7662
----------------------------------
Vecinos utilizados para calcular Usuario 24 -> Item 170
[(37, 0.11712243187163801), (40, 0.11527576495635235), (26, 0.09137074565766498), (27, 0.09090329020257808), (47, 0.08928843680911944)]
Resultado prediccion: 3.2287
----------------------------------
Vecinos utilizados para calcular Usuario 24 -> Item 194
[(37, 0.11712243187163801), (40, 0.11527576495635235), (26, 0.09137074565766498), (27, 0.09090329020257808), (47, 0.08928843680911944)]
Resultado prediccion: 1.8918
----------------------------------
Vecinos utilizados para calcular Usuario 25 -> Item 135
[(7, 0.15293942431342475), (48, 0.13032104365412048), (30, 0.12204178982935139), (18, 0.11940028063426227), (20, 0.10242247105537557)]
Resultado prediccion: 2.2107
----------------------------------
Vecinos utilizados para calcular Usuario 25 -> Item 160
[(7, 0.15293942431342475), (48, 0.13032104365412048), (30, 0.12204178982935139), (18, 0.11940028063426227), (20, 0.10242247105537557)]
Resultado prediccion: 2.4134
----------------------------------
Vecinos utilizados para calcular Usuario 26 -> Item 235
[(29, 0.11406646809353224), (24, 0.09137074565766498), (6, 0.0905954791722967), (43, 0.08472594929508458), (18, 0.07710472616876524)]
Resultado prediccion: 2.8756
----------------------------------
Vecinos utilizados para calcular Usuario 27 -> Item 4
[(10, 0.12767131510316365), (0, 0.0954991451112897), (24, 0.09090329020257808), (17, 0.0766675248693142), (41, 0.07408622269323345)]
Resultado prediccion: 3.2416
----------------------------------
Vecinos utilizados para calcular Usuario 27 -> Item 91
[(10, 0.12767131510316365), (0, 0.0954991451112897), (24, 0.09090329020257808), (17, 0.0766675248693142), (2, 0.07548736892159862)]
Resultado prediccion: 2.744
----------------------------------
Vecinos utilizados para calcular Usuario 28 -> Item 27
[(2, 0.14935240536629724), (45, 0.12175248353385393), (5, 0.0928704101743409), (0, 0.08836864429085352), (4, 0.06853185304605225)]
Resultado prediccion: 2.2318
----------------------------------
Vecinos utilizados para calcular Usuario 28 -> Item 175
[(2, 0.14935240536629724), (45, 0.12175248353385393), (5, 0.0928704101743409), (0, 0.08836864429085352), (4, 0.06853185304605225)]
Resultado prediccion: 2.6835
----------------------------------
Vecinos utilizados para calcular Usuario 28 -> Item 207
[(2, 0.14935240536629724), (45, 0.12175248353385393), (5, 0.0928704101743409), (0, 0.08836864429085352), (4, 0.06853185304605225)]
Resultado prediccion: 2.0207
----------------------------------
Vecinos utilizados para calcular Usuario 28 -> Item 225
[(2, 0.14935240536629724), (45, 0.12175248353385393), (5, 0.0928704101743409), (0, 0.08836864429085352), (4, 0.06853185304605225)]
Resultado prediccion: 2.372
----------------------------------
Vecinos utilizados para calcular Usuario 30 -> Item 109
[(44, 0.13477675285432889), (25, 0.12204178982935139), (9, 0.11395411952315795), (13, 0.11201420964343685), (46, 0.10039361090475003)]
Resultado prediccion: 3.8602
----------------------------------
Vecinos utilizados para calcular Usuario 30 -> Item 234
[(44, 0.13477675285432889), (25, 0.12204178982935139), (9, 0.11395411952315795), (13, 0.11201420964343685), (46, 0.10039361090475003)]
Resultado prediccion: 1.8244
----------------------------------
Vecinos utilizados para calcular Usuario 31 -> Item 118
[(40, 0.18329227022349864), (47, 0.15249520268703215), (48, 0.11963200890484711), (32, 0.1117884575412673), (6, 0.10175118328370378)]
Resultado prediccion: 3.6765
----------------------------------
Vecinos utilizados para calcular Usuario 31 -> Item 142
[(40, 0.18329227022349864), (47, 0.15249520268703215), (48, 0.11963200890484711), (32, 0.1117884575412673), (6, 0.10175118328370378)]
Resultado prediccion: 2.5044
----------------------------------
Vecinos utilizados para calcular Usuario 31 -> Item 234
[(40, 0.18329227022349864), (47, 0.15249520268703215), (48, 0.11963200890484711), (32, 0.1117884575412673), (6, 0.10175118328370378)]
Resultado prediccion: 2.2709
----------------------------------
Vecinos utilizados para calcular Usuario 31 -> Item 244
[(40, 0.18329227022349864), (47, 0.15249520268703215), (48, 0.11963200890484711), (32, 0.1117884575412673), (6, 0.10175118328370378)]
Resultado prediccion: 2.2471
----------------------------------
Vecinos utilizados para calcular Usuario 31 -> Item 245
[(40, 0.18329227022349864), (47, 0.15249520268703215), (48, 0.11963200890484711), (32, 0.1117884575412673), (6, 0.10175118328370378)]
Resultado prediccion: 2.4765
----------------------------------
Vecinos utilizados para calcular Usuario 32 -> Item 111
