1. Metrica empleada: pearson
2. Metodo de prediccion: simple
3. Numero de vecinos: 7
---------------------
MATRIZ DE SIMILITUDES
[0] ->  1.0000		0.4019		-0.095		0.1804		0.1184		0.1655		0.3632		-0.008		0.4408		0.0561		
[1] ->  0.4019		1.0000		0.0860		0.2489		0.0548		0.2892		0.2932		0.4318		0.0803		-0.048		
[2] ->  -0.095		0.0860		1.0000		0.0249		-0.059		-0.167		-0.004		0.3813		0.1966		-0.312		
[3] ->  0.1804		0.2489		0.0249		1.0000		0.0867		0.0228		0.4518		0.3431		0.2513		-0.006		
[4] ->  0.1184		0.0548		-0.059		0.0867		1.0000		0.0710		-0.128		0.1144		0.1569		0.1679		
[5] ->  0.1655		0.2892		-0.167		0.0228		0.0710		1.0000		0.2789		-0.172		0.4931		0.2134		
[6] ->  0.3632		0.2932		-0.004		0.4518		-0.128		0.2789		1.0000		-0.021		0.1165		0.1863		
[7] ->  -0.008		0.4318		0.3813		0.3431		0.1144		-0.172		-0.021		1.0000		-0.358		0.0346		
[8] ->  0.4408		0.0803		0.1966		0.2513		0.1569		0.4931		0.1165		-0.358		1.0000		-0.069		
[9] ->  0.0561		-0.048		-0.312		-0.006		0.1679		0.2134		0.1863		0.0346		-0.069		1.0000		
----------------------------------
Vecinos utilizados para calcular Usuario 0 -> Item 21
[(8, 0.4408270315916033), (1, 0.4019236195395923), (6, 0.3631513814879094), (3, 0.18040501729730438), (5, 0.16552322387629), (4, 0.11841027188941836), (9, 0.05614876391712976)]
Resultado prediccion: 2.2043
----------------------------------
Vecinos utilizados para calcular Usuario 1 -> Item 9
[(7, 0.43182768182033937), (0, 0.4019236195395923), (6, 0.29315805389300537), (5, 0.28921572097818804), (3, 0.24885063219720008), (2, 0.0860472034382194), (8, 0.08031882383466257)]
Resultado prediccion: 3.9792
----------------------------------
Vecinos utilizados para calcular Usuario 1 -> Item 12
[(7, 0.43182768182033937), (0, 0.4019236195395923), (6, 0.29315805389300537), (5, 0.28921572097818804), (3, 0.24885063219720008), (2, 0.0860472034382194), (8, 0.08031882383466257)]
Resultado prediccion: 1.5176
----------------------------------
Vecinos utilizados para calcular Usuario 1 -> Item 19
[(7, 0.43182768182033937), (0, 0.4019236195395923), (6, 0.29315805389300537), (5, 0.28921572097818804), (3, 0.24885063219720008), (2, 0.0860472034382194), (4, 0.05476531551661233)]
Resultado prediccion: 2.3298
----------------------------------
Vecinos utilizados para calcular Usuario 1 -> Item 23
[(7, 0.43182768182033937), (0, 0.4019236195395923), (6, 0.29315805389300537), (5, 0.28921572097818804), (2, 0.0860472034382194), (8, 0.08031882383466257), (4, 0.05476531551661233)]
Resultado prediccion: 2.2175
----------------------------------
Vecinos utilizados para calcular Usuario 2 -> Item 14
[(7, 0.3813131313131313), (8, 0.19664408940079844), (1, 0.0860472034382194), (3, 0.02492719206975977), (4, -0.05871556174450424), (0, -0.09517434824370817), (5, -0.16734691656399245)]
Resultado prediccion: 0.1075
----------------------------------
Vecinos utilizados para calcular Usuario 2 -> Item 17
[(7, 0.3813131313131313), (8, 0.19664408940079844), (1, 0.0860472034382194), (3, 0.02492719206975977), (6, -0.004223358614996777), (4, -0.05871556174450424), (0, -0.09517434824370817)]
Resultado prediccion: 2.2682
----------------------------------
Vecinos utilizados para calcular Usuario 3 -> Item 7
[(7, 0.34305637591192556), (8, 0.25128535551620834), (1, 0.24885063219720008), (0, 0.18040501729730438), (4, 0.08667167345115857), (2, 0.02492719206975977), (5, 0.022787722584376818)]
Resultado prediccion: 1.2264
----------------------------------
Vecinos utilizados para calcular Usuario 3 -> Item 23
[(6, 0.45182470784779655), (7, 0.34305637591192556), (8, 0.25128535551620834), (0, 0.18040501729730438), (4, 0.08667167345115857), (2, 0.02492719206975977), (5, 0.022787722584376818)]
Resultado prediccion: 2.6492
----------------------------------
Vecinos utilizados para calcular Usuario 4 -> Item 20
[(9, 0.1678786163085239), (8, 0.15687091793426472), (0, 0.11841027188941836), (7, 0.11437849088870898), (3, 0.08667167345115857), (5, 0.07098065514973848), (1, 0.05476531551661233)]
Resultado prediccion: 2.902
----------------------------------
Vecinos utilizados para calcular Usuario 6 -> Item 7
[(0, 0.3631513814879094), (1, 0.29315805389300537), (5, 0.2789010552248024), (9, 0.18633322187308246), (8, 0.1164890748911496), (2, -0.004223358614996777), (7, -0.02056022826661495)]
Resultado prediccion: 1.4114
----------------------------------
Vecinos utilizados para calcular Usuario 6 -> Item 14
[(3, 0.45182470784779655), (0, 0.3631513814879094), (1, 0.29315805389300537), (5, 0.2789010552248024), (9, 0.18633322187308246), (8, 0.1164890748911496), (7, -0.02056022826661495)]
Resultado prediccion: 1.5901
----------------------------------
Vecinos utilizados para calcular Usuario 6 -> Item 20
[(3, 0.45182470784779655), (0, 0.3631513814879094), (1, 0.29315805389300537), (5, 0.2789010552248024), (9, 0.18633322187308246), (8, 0.1164890748911496), (2, -0.004223358614996777)]
Resultado prediccion: 2.6693
----------------------------------
Vecinos utilizados para calcular Usuario 7 -> Item 4
[(1, 0.43182768182033937), (2, 0.3813131313131313), (3, 0.34305637591192556), (4, 0.11437849088870898), (9, 0.03456405637350681), (0, -0.007713390949493552), (6, -0.02056022826661495)]
Resultado prediccion: 1.826
----------------------------------
Vecinos utilizados para calcular Usuario 7 -> Item 21
[(1, 0.43182768182033937), (2, 0.3813131313131313), (3, 0.34305637591192556), (4, 0.11437849088870898), (9, 0.03456405637350681), (6, -0.02056022826661495), (5, -0.1720976458264576)]
Resultado prediccion: 1.4409
----------------------------------
Vecinos utilizados para calcular Usuario 8 -> Item 13
[(5, 0.4931261353334844), (0, 0.4408270315916033), (3, 0.25128535551620834), (2, 0.19664408940079844), (4, 0.15687091793426472), (6, 0.1164890748911496), (1, 0.08031882383466257)]
Resultado prediccion: 3.1693
----------------------------------
Vecinos utilizados para calcular Usuario 8 -> Item 19
[(5, 0.4931261353334844), (0, 0.4408270315916033), (3, 0.25128535551620834), (2, 0.19664408940079844), (4, 0.15687091793426472), (6, 0.1164890748911496), (9, -0.06905645752745448)]
Resultado prediccion: 2.0247
--- MATRIZ CON LAS PREDICCIONES ---
[0] ->  3.00		5.00		0.00		1.00		4.00		5.00		5.00		1.00		2.00		4.00		0.00		0.00		1.00		4.00		1.00		3.00		2.00		4.00		1.00		1.00		5.00		2.20		5.00		2.00		0.00		
[1] ->  4.00		5.00		1.00		3.00		4.00		2.00		0.00		1.00		4.00		3.98		0.00		2.00		1.52		2.00		0.00		1.00		4.00		5.00		3.00		2.33		1.00		0.00		5.00		2.22		0.00		
[2] ->  2.00		5.00		1.00		1.00		1.00		3.00		2.00		4.00		5.00		3.00		4.00		1.00		1.00		3.00		0.11		1.00		5.00		2.27		5.00		5.00		4.00		1.00		1.00		5.00		5.00		
[3] ->  3.00		5.00		1.00		4.00		1.00		2.00		3.00		1.23		5.00		5.00		2.00		5.00		1.00		5.00		3.00		2.00		3.00		3.00		1.00		3.00		1.00		5.00		5.00		2.65		3.00		
[4] ->  5.00		1.00		0.00		3.00		0.00		0.00		5.00		0.00		4.00		2.00		3.00		1.00		5.00		4.00		5.00		4.00		2.00		5.00		3.00		3.00		2.90		3.00		3.00		5.00		0.00		
[5] ->  2.00		4.00		3.00		3.00		0.00		0.00		0.00		2.00		0.00		5.00		2.00		0.00		4.00		2.00		1.00		5.00		3.00		4.00		3.00		1.00		3.00		2.00		5.00		0.00		2.00		
[6] ->  1.00		5.00		1.00		5.00		1.00		5.00		1.00		1.41		5.00		5.00		0.00		2.00		1.00		1.00		1.59		5.00		0.00		3.00		1.00		3.00		2.67		2.00		5.00		2.00		3.00		
[7] ->  4.00		1.00		1.00		3.00		1.83		2.00		1.00		1.00		5.00		2.00		0.00		1.00		1.00		5.00		0.00		0.00		4.00		5.00		2.00		3.00		0.00		1.44		1.00		3.00		5.00		
[8] ->  1.00		5.00		0.00		1.00		1.00		0.00		3.00		2.00		0.00		5.00		2.00		1.00		2.00		3.17		3.00		3.00		5.00		1.00		2.00		2.02		5.00		3.00		5.00		3.00		1.00		
[9] ->  1.00		0.00		2.00		5.00		1.00		5.00		1.00		2.00		2.00		2.00		2.00		3.00		4.00		5.00		2.00		5.00		3.00		3.00		3.00		0.00		3.00		3.00		4.00		4.00		2.00		
