1. Metrica empleada: pearson
2. Metodo de prediccion: simple
3. Numero de vecinos: 3
---------------------
MATRIZ DE SIMILITUDES
[0] ->  1.0000		0.4019		-0.095		0.1804		0.1184		0.1655		0.3632		-0.008		0.4408		0.0561		
[1] ->  0.4019		1.0000		0.0860		0.2489		0.0548		0.2892		0.2932		0.4318		0.0803		-0.048		
[2] ->  -0.095		0.0860		1.0000		0.0249		-0.059		-0.167		-0.004		0.3813		0.1966		-0.312		
[3] ->  0.1804		0.2489		0.0249		1.0000		0.0867		0.0228		0.4518		0.3431		0.2513		-0.006		
[4] ->  0.1184		0.0548		-0.059		0.0867		1.0000		0.0710		-0.128		0.1144		0.1569		0.1679		
[5] ->  0.1655		0.2892		-0.167		0.0228		0.0710		1.0000		0.2789		-0.172		0.4931		0.2134		
[6] ->  0.3632		0.2932		-0.004		0.4518		-0.128		0.2789		1.0000		-0.021		0.1165		0.1863		
[7] ->  -0.008		0.4318		0.3813		0.3431		0.1144		-0.172		-0.021		1.0000		-0.358		0.0346		
[8] ->  0.4408		0.0803		0.1966		0.2513		0.1569		0.4931		0.1165		-0.358		1.0000		-0.069		
[9] ->  0.0561		-0.048		-0.312		-0.006		0.1679		0.2134		0.1863		0.0346		-0.069		1.0000		
----------------------------------
Vecinos utilizados para calcular Usuario 0 -> Item 21
[(8, 0.4408270315916033), (1, 0.4019236195395923), (6, 0.3631513814879094)]
Resultado prediccion: 1.699
----------------------------------
Vecinos utilizados para calcular Usuario 1 -> Item 9
[(7, 0.43182768182033937), (0, 0.4019236195395923), (6, 0.29315805389300537)]
Resultado prediccion: 3.4938
----------------------------------
Vecinos utilizados para calcular Usuario 1 -> Item 12
[(7, 0.43182768182033937), (0, 0.4019236195395923), (6, 0.29315805389300537)]
Resultado prediccion: 1.0
----------------------------------
Vecinos utilizados para calcular Usuario 1 -> Item 19
[(7, 0.43182768182033937), (0, 0.4019236195395923), (6, 0.29315805389300537)]
Resultado prediccion: 2.2867
----------------------------------
Vecinos utilizados para calcular Usuario 1 -> Item 23
[(7, 0.43182768182033937), (0, 0.4019236195395923), (6, 0.29315805389300537)]
Resultado prediccion: 2.3832
----------------------------------
Vecinos utilizados para calcular Usuario 2 -> Item 14
[(7, 0.3813131313131313), (8, 0.19664408940079844), (1, 0.0860472034382194)]
Resultado prediccion: 0.8884
----------------------------------
Vecinos utilizados para calcular Usuario 2 -> Item 17
[(7, 0.3813131313131313), (8, 0.19664408940079844), (1, 0.0860472034382194)]
Resultado prediccion: 3.8154
----------------------------------
Vecinos utilizados para calcular Usuario 3 -> Item 7
[(7, 0.34305637591192556), (8, 0.25128535551620834), (1, 0.24885063219720008)]
Resultado prediccion: 1.298
----------------------------------
Vecinos utilizados para calcular Usuario 3 -> Item 23
[(6, 0.45182470784779655), (7, 0.34305637591192556), (8, 0.25128535551620834)]
Resultado prediccion: 2.5681
----------------------------------
Vecinos utilizados para calcular Usuario 4 -> Item 20
[(9, 0.1678786163085239), (8, 0.15687091793426472), (0, 0.11841027188941836)]
Resultado prediccion: 4.2424
----------------------------------
Vecinos utilizados para calcular Usuario 6 -> Item 7
[(0, 0.3631513814879094), (1, 0.29315805389300537), (5, 0.2789010552248024)]
Resultado prediccion: 1.2982
----------------------------------
Vecinos utilizados para calcular Usuario 6 -> Item 14
[(3, 0.45182470784779655), (0, 0.3631513814879094), (1, 0.29315805389300537)]
Resultado prediccion: 1.5509
----------------------------------
Vecinos utilizados para calcular Usuario 6 -> Item 20
[(3, 0.45182470784779655), (0, 0.3631513814879094), (1, 0.29315805389300537)]
Resultado prediccion: 2.3109
----------------------------------
Vecinos utilizados para calcular Usuario 7 -> Item 4
[(1, 0.43182768182033937), (2, 0.3813131313131313), (3, 0.34305637591192556)]
Resultado prediccion: 2.1205
----------------------------------
Vecinos utilizados para calcular Usuario 7 -> Item 21
[(1, 0.43182768182033937), (2, 0.3813131313131313), (3, 0.34305637591192556)]
Resultado prediccion: 1.8134
----------------------------------
Vecinos utilizados para calcular Usuario 8 -> Item 13
[(5, 0.4931261353334844), (0, 0.4408270315916033), (3, 0.25128535551620834)]
Resultado prediccion: 3.3799
----------------------------------
Vecinos utilizados para calcular Usuario 8 -> Item 19
[(5, 0.4931261353334844), (0, 0.4408270315916033), (3, 0.25128535551620834)]
Resultado prediccion: 1.424
--- MATRIZ CON LAS PREDICCIONES ---
[0] ->  3.00		5.00		0.00		1.00		4.00		5.00		5.00		1.00		2.00		4.00		0.00		0.00		1.00		4.00		1.00		3.00		2.00		4.00		1.00		1.00		5.00		1.70		5.00		2.00		0.00		
[1] ->  4.00		5.00		1.00		3.00		4.00		2.00		0.00		1.00		4.00		3.49		0.00		2.00		1.00		2.00		0.00		1.00		4.00		5.00		3.00		2.29		1.00		0.00		5.00		2.38		0.00		
[2] ->  2.00		5.00		1.00		1.00		1.00		3.00		2.00		4.00		5.00		3.00		4.00		1.00		1.00		3.00		0.89		1.00		5.00		3.82		5.00		5.00		4.00		1.00		1.00		5.00		5.00		
[3] ->  3.00		5.00		1.00		4.00		1.00		2.00		3.00		1.30		5.00		5.00		2.00		5.00		1.00		5.00		3.00		2.00		3.00		3.00		1.00		3.00		1.00		5.00		5.00		2.57		3.00		
[4] ->  5.00		1.00		0.00		3.00		0.00		0.00		5.00		0.00		4.00		2.00		3.00		1.00		5.00		4.00		5.00		4.00		2.00		5.00		3.00		3.00		4.24		3.00		3.00		5.00		0.00		
[5] ->  2.00		4.00		3.00		3.00		0.00		0.00		0.00		2.00		0.00		5.00		2.00		0.00		4.00		2.00		1.00		5.00		3.00		4.00		3.00		1.00		3.00		2.00		5.00		0.00		2.00		
[6] ->  1.00		5.00		1.00		5.00		1.00		5.00		1.00		1.30		5.00		5.00		0.00		2.00		1.00		1.00		1.55		5.00		0.00		3.00		1.00		3.00		2.31		2.00		5.00		2.00		3.00		
[7] ->  4.00		1.00		1.00		3.00		2.12		2.00		1.00		1.00		5.00		2.00		0.00		1.00		1.00		5.00		0.00		0.00		4.00		5.00		2.00		3.00		0.00		1.81		1.00		3.00		5.00		
[8] ->  1.00		5.00		0.00		1.00		1.00		0.00		3.00		2.00		0.00		5.00		2.00		1.00		2.00		3.38		3.00		3.00		5.00		1.00		2.00		1.42		5.00		3.00		5.00		3.00		1.00		
[9] ->  1.00		0.00		2.00		5.00		1.00		5.00		1.00		2.00		2.00		2.00		2.00		3.00		4.00		5.00		2.00		5.00		3.00		3.00		3.00		0.00		3.00		3.00		4.00		4.00		2.00		
