1. Metrica empleada: pearson
2. Metodo de prediccion: simple
3. Numero de vecinos: 5
---------------------
MATRIZ DE SIMILITUDES
[0] ->  1.0000		-0.0609		0.0012		-0.0362		-0.0062		0.1109		0.0718		0.0275		-0.0028		0.0112		-0.0532		0.0203		0.0701		0.0039		-0.0394		-0.0273		-0.0709		0.0542		-0.0499		0.1207		0.0317		-0.0401		0.0063		0.0055		-0.0614		-0.0430		-0.0172		0.0955		0.0884		0.0809		0.0536		-0.0304		0.0250		0.1468		0.0157		-0.0082		-0.0618		-0.0123		-0.0229		-0.0565		0.0387		0.0109		0.0314		-0.0553		0.1413		0.0800		-0.0978		0.0789		0.0775		-0.0839		
[1] ->  -0.0609		1.0000		-0.1204		-0.0516		0.0297		-0.0192		0.0213		-0.1415		0.0610		0.1671		0.0729		-0.0669		0.0122		0.0718		0.1071		0.0120		-0.0787		0.1399		0.0340		-0.0922		-0.0773		0.0722		0.0072		-0.0462		-0.0688		-0.0104		-0.0158		0.0237		-0.0978		0.0844		0.0238		-0.1029		0.0051		-0.0148		-0.0719		0.0225		0.1861		-0.1238		0.0333		-0.1168		-0.0782		0.0178		0.0154		-0.0710		-0.0622		0.0283		0.0069		0.0284		-0.0435		0.0613		
[2] ->  0.0012		-0.1204		1.0000		-0.0691		-0.1205		0.0143		0.0750		0.0291		-0.0359		-0.0685		-0.0539		-0.0823		0.0076		-0.0322		0.1358		-0.0783		-0.0501		-0.0850		0.1138		0.0834		0.0106		-0.0422		-0.0580		-0.0025		0.0164		-0.0870		0.0746		0.0755		0.1494		0.0020		0.0501		0.0060		0.0133		-0.0043		-0.0738		0.0520		0.1334		0.1086		-0.1035		0.0598		0.0515		-0.0817		0.0157		0.0207		-0.0143		-0.0782		-0.0421		0.0282		-0.0616		-0.0838		
[3] ->  -0.0362		-0.0516		-0.0691		1.0000		0.0665		0.1524		-0.0220		-0.0068		-0.0357		-0.1556		0.0283		-0.0200		0.0197		0.0608		0.0018		0.0157		0.0239		-0.0389		0.0777		-0.0266		0.0032		0.0358		-0.0139		0.0458		0.0277		-0.0408		0.0257		-0.0938		0.0512		-0.0364		-0.0817		-0.0481		-0.0076		-0.0923		0.0145		0.0859		-0.0300		0.0671		-0.0460		-0.1559		0.0566		0.0289		0.0499		0.0145		-0.0562		0.0897		0.0681		0.0746		-0.1241		0.0360		
[4] ->  -0.0062		0.0297		-0.1205		0.0665		1.0000		-0.0116		-0.0131		-0.0295		0.0014		-0.0113		0.1022		-0.0006		0.0323		0.0362		-0.0556		0.0210		-0.0807		-0.0149		0.0297		0.0102		0.1141		-0.0969		0.1077		-0.0433		-0.0513		-0.0611		-0.0145		0.0164		0.0685		-0.0709		0.0333		-0.0184		-0.0194		0.0218		0.0019		-0.0418		-0.0084		-0.0273		0.0655		-0.0310		-0.0507		0.0819		0.0695		-0.0679		0.0554		0.0653		-0.0254		-0.0900		0.0266		0.0370		
[5] ->  0.1109		-0.0192		0.0143		0.1524		-0.0116		1.0000		0.0180		0.0241		-0.0160		-0.0210		0.0762		0.0213		0.0150		0.0502		-0.0170		0.0240		-0.1255		0.0860		-0.0205		-0.0775		-0.0688		0.0818		0.0829		0.0665		-0.0458		-0.1526		0.0192		-0.0070		0.0929		0.0279		-0.0389		0.0909		-0.0223		-0.0318		-0.0010		0.0064		-0.0141		0.1117		-0.1091		-0.0100		0.1129		0.0508		-0.0421		0.0189		-0.0179		-0.0332		0.0913		0.0101		0.0840		-0.0131		
[6] ->  0.0718		0.0213		0.0750		-0.0220		-0.0131		0.0180		1.0000		0.0297		-0.0468		0.1656		0.0782		0.1304		0.0314		-0.0847		0.0623		-0.1111		-0.0577		0.0612		0.0251		-0.0308		0.0627		-0.1033		-0.0740		0.0249		0.0085		-0.1289		0.0906		0.0296		0.0220		0.0307		0.0333		0.1018		0.0623		-0.0533		0.0174		0.0200		0.0366		0.1417		0.0560		-0.0162		0.0525		-0.0607		0.0292		-0.0319		-0.0160		0.0102		0.0186		0.2200		-0.0891		0.1121		
[7] ->  0.0275		-0.1415		0.0291		-0.0068		-0.0295		0.0241		0.0297		1.0000		-0.1785		0.0105		-0.0678		0.0929		0.1347		-0.0091		-0.0939		-0.0707		-0.1784		-0.0848		-0.0229		0.0919		0.0200		0.0557		-0.0091		0.0393		0.0017		0.1529		0.0472		-0.0312		-0.1393		-0.0762		0.0396		0.0568		0.0759		0.0423		0.0125		0.0158		0.0222		0.0974		-0.0365		0.0826		0.0394		-0.1524		0.0816		0.0213		0.0114		-0.0329		0.0331		0.0664		-0.1059		-0.0479		
[8] ->  -0.0028		0.0610		-0.0359		-0.0357		0.0014		-0.0160		-0.0468		-0.1785		1.0000		-0.0236		0.0888		-0.0945		-0.0580		-0.0283		0.0282		-0.0414		0.0873		-0.0453		-0.0402		-0.0696		0.0380		-0.0174		-0.0373		-0.0067		-0.0185		-0.0486		-0.0732		0.0001		-0.0093		0.0882		-0.0470		0.0293		-0.0671		0.0018		0.0487		0.0591		-0.0260		0.0070		0.0204		0.0046		-0.0379		-0.0515		0.1263		-0.0507		0.0794		-0.0416		0.0666		0.0131		0.1150		-0.0729		
[9] ->  0.0112		0.1671		-0.0685		-0.1556		-0.0113		-0.0210		0.1656		0.0105		-0.0236		1.0000		0.0007		-0.0002		-0.0367		0.0521		0.0418		0.0250		0.0191		0.1142		-0.0307		-0.0519		-0.0019		0.0853		0.0277		-0.0304		-0.1021		-0.0279		0.0295		0.0275		-0.0385		-0.0259		0.1140		0.0041		0.0030		-0.1560		-0.1804		0.0997		-0.0365		0.0828		-0.0360		-0.0561		0.0482		-0.0272		0.0329		-0.0245		0.0173		0.0416		-0.0578		-0.0065		0.0044		0.0418		
[10] ->  -0.0532		0.0729		-0.0539		0.0283		0.1022		0.0762		0.0782		-0.0678		0.0888		0.0007		1.0000		-0.1503		-0.0855		0.0898		0.0406		-0.0344		0.0069		0.0307		0.0970		-0.0818		-0.0397		-0.0531		-0.0599		0.0791		0.0300		0.0086		-0.0562		0.1277		0.0346		-0.1011		-0.0448		0.0802		-0.0136		-0.0470		-0.0201		-0.0954		-0.0065		0.0616		-0.0023		-0.0998		0.0062		-0.0539		0.0851		-0.1014		0.0777		0.1664		0.0250		-0.0687		-0.0308		0.1167		
[11] ->  0.0203		-0.0669		-0.0823		-0.0200		-0.0006		0.0213		0.1304		0.0929		-0.0945		-0.0002		-0.1503		1.0000		0.0494		-0.0257		0.0472		-0.0617		0.0222		-0.0700		-0.0122		-0.0282		0.0557		0.0439		-0.0028		-0.0209		-0.0990		0.0002		0.0630		-0.0910		-0.0283		0.0853		0.0208		0.0312		-0.0358		0.0361		0.0161		-0.1186		0.1018		0.0489		-0.0160		0.0944		0.0660		0.0627		0.0089		0.1066		0.0115		-0.0212		0.0607		0.0218		-0.0188		0.0110		
[12] ->  0.0701		0.0122		0.0076		0.0197		0.0323		0.0150		0.0314		0.1347		-0.0580		-0.0367		-0.0855		0.0494		1.0000		-0.0114		-0.0476		-0.1145		0.0325		-0.0609		-0.0321		0.0118		0.0230		-0.0168		0.0225		0.0171		-0.0709		-0.1286		0.0085		-0.0431		-0.0020		-0.0151		-0.0729		-0.0256		0.0481		0.0303		0.0817		-0.0038		0.0366		0.0464		0.0151		-0.0958		-0.0369		0.0266		0.0251		0.0298		-0.0545		-0.0944		0.0222		0.0584		0.0022		0.0819		
[13] ->  0.0039		0.0718		-0.0322		0.0608		0.0362		0.0502		-0.0847		-0.0091		-0.0283		0.0521		0.0898		-0.0257		-0.0114		1.0000		0.0138		-0.0639		-0.0032		0.1127		0.0588		-0.0712		-0.0647		-0.0088		0.0971		0.0324		0.0350		0.0284		0.0629		-0.0880		-0.0197		-0.0124		0.1120		0.0549		-0.0451		0.0344		-0.0982		0.0522		0.0725		-0.0480		0.0702		0.0997		0.0836		-0.1171		-0.0471		-0.0601		-0.0467		0.0606		0.0556		0.0134		-0.0709		-0.0082		
[14] ->  -0.0394		0.1071		0.1358		0.0018		-0.0556		-0.0170		0.0623		-0.0939		0.0282		0.0418		0.0406		0.0472		-0.0476		0.0138		1.0000		0.0288		0.0503		0.0578		0.0574		-0.0853		-0.0786		0.1096		0.0757		-0.0184		-0.0202		-0.0326		0.0420		-0.0721		-0.0756		0.1229		0.0554		0.0033		0.0340		0.0723		-0.0840		-0.0007		0.0813		0.1466		-0.0766		-0.0985		0.0071		0.0428		0.0423		-0.0462		-0.0865		0.0979		-0.0461		-0.0900		-0.0254		-0.0416		
[15] ->  -0.0273		0.0120		-0.0783		0.0157		0.0210		0.0240		-0.1111		-0.0707		-0.0414		0.0250		-0.0344		-0.0617		-0.1145		-0.0639		0.0288		1.0000		0.0237		0.1199		0.1555		0.1032		-0.0057		0.1158		0.0249		-0.0300		0.0272		0.0067		-0.0138		-0.0355		-0.1039		0.1529		-0.0204		-0.0993		-0.0437		-0.0888		0.1151		0.0301		0.0084		-0.0819		-0.0745		-0.0836		0.0636		-0.0136		-0.0204		-0.0793		0.0582		0.0058		0.1349		-0.1084		-0.0124		0.1003		
[16] ->  -0.0709		-0.0787		-0.0501		0.0239		-0.0807		-0.1255		-0.0577		-0.1784		0.0873		0.0191		0.0069		0.0222		0.0325		-0.0032		0.0503		0.0237		1.0000		0.0873		0.0122		-0.0267		-0.0415		0.0080		-0.0001		0.0707		-0.1059		0.0388		0.0093		-0.0165		-0.0508		0.0254		-0.0463		0.0531		0.0900		0.0227		0.1573		0.1510		-0.1142		-0.1623		0.0838		-0.0439		-0.0263		-0.0206		-0.0433		-0.0013		-0.0873		0.0049		-0.0352		0.0041		-0.0586		-0.0246		
[17] ->  0.0542		0.1399		-0.0850		-0.0389		-0.0149		0.0860		0.0612		-0.0848		-0.0453		0.1142		0.0307		-0.0700		-0.0609		0.1127		0.0578		0.1199		0.0873		1.0000		0.0878		-0.1344		0.0497		-0.0152		0.0655		-0.0462		-0.1543		0.0787		-0.0751		0.0767		-0.1476		0.0248		0.0337		0.0568		0.0086		0.0085		-0.0714		0.0219		0.0466		-0.0991		-0.1339		0.0495		-0.0200		-0.0814		-0.1113		0.1155		0.0468		0.0447		0.1159		-0.0062		0.0090		-0.0494		
[18] ->  -0.0499		0.0340		0.1138		0.0777		0.0297		-0.0205		0.0251		-0.0229		-0.0402		-0.0307		0.0970		-0.0122		-0.0321		0.0588		0.0574		0.1555		0.0122		0.0878		1.0000		-0.0304		0.1346		-0.0193		0.0034		0.0001		-0.0435		0.1194		0.0771		-0.0548		-0.0590		0.0722		-0.0084		-0.0880		-0.0172		-0.0028		-0.0793		-0.0163		0.0427		0.0251		-0.0762		-0.0362		0.0613		0.0617		0.0180		0.0278		-0.1035		0.0240		-0.0077		-0.0254		0.0539		0.1379		
[19] ->  0.1207		-0.0922		0.0834		-0.0266		0.0102		-0.0775		-0.0308		0.0919		-0.0696		-0.0519		-0.0818		-0.0282		0.0118		-0.0712		-0.0853		0.1032		-0.0267		-0.1344		-0.0304		1.0000		-0.0166		-0.0346		-0.0046		-0.0348		0.0081		0.0136		-0.0949		-0.0416		0.0305		0.0408		-0.0433		0.0073		-0.0164		-0.0342		0.1223		0.0293		-0.0007		0.1263		-0.0421		0.0333		-0.0483		-0.0955		0.0737		0.0079		-0.0787		0.0315		0.0307		0.1008		-0.1220		0.0172		
[20] ->  0.0317		-0.0773		0.0106		0.0032		0.1141		-0.0688		0.0627		0.0200		0.0380		-0.0019		-0.0397		0.0557		0.0230		-0.0647		-0.0786		-0.0057		-0.0415		0.0497		0.1346		-0.0166		1.0000		0.0061		-0.0736		0.0757		-0.0899		0.1024		-0.0811		0.0123		-0.0062		0.0062		-0.0787		0.0632		0.1244		0.0091		-0.0485		0.1542		0.0525		0.0044		-0.0290		0.0345		-0.0114		-0.0250		0.0342		0.1518		0.0322		0.0772		0.0296		-0.0233		0.0554		0.0104		
[21] ->  -0.0401		0.0722		-0.0422		0.0358		-0.0969		0.0818		-0.1033		0.0557		-0.0174		0.0853		-0.0531		0.0439		-0.0168		-0.0088		0.1096		0.1158		0.0080		-0.0152		-0.0193		-0.0346		0.0061		1.0000		0.0247		0.0154		-0.0275		-0.0692		-0.0289		-0.0803		-0.1538		-0.0251		0.0484		0.0011		0.0200		-0.0633		-0.0088		0.0869		0.0355		-0.0778		-0.0483		-0.0763		-0.0683		0.0083		-0.0072		0.0925		0.0020		0.0061		0.0921		-0.0264		-0.0568		0.0676		
[22] ->  0.0063		0.0072		-0.0580		-0.0139		0.1077		0.0829		-0.0740		-0.0091		-0.0373		0.0277		-0.0599		-0.0028		0.0225		0.0971		0.0757		0.0249		-0.0001		0.0655		0.0034		-0.0046		-0.0736		0.0247		1.0000		-0.0515		0.0061		-0.1553		0.0020		-0.0553		-0.0112		-0.0083		0.0150		-0.0013		0.0479		0.0286		0.0867		0.0052		0.0795		-0.0133		0.0264		0.0485		-0.0438		-0.0367		-0.0909		0.0095		0.0365		-0.0112		-0.0397		0.0025		-0.0475		-0.0084		
[23] ->  0.0055		-0.0462		-0.0025		0.0458		-0.0433		0.0665		0.0249		0.0393		-0.0067		-0.0304		0.0791		-0.0209		0.0171		0.0324		-0.0184		-0.0300		0.0707		-0.0462		0.0001		-0.0348		0.0757		0.0154		-0.0515		1.0000		0.0151		0.0162		-0.0198		0.0063		-0.0059		-0.0345		0.0708		0.0585		-0.0454		-0.0023		0.1212		-0.0540		-0.0696		-0.1188		-0.0009		-0.0961		-0.0254		-0.0624		-0.0830		0.0466		0.0427		0.0055		-0.0548		-0.0045		-0.0256		-0.0010		
[24] ->  -0.0614		-0.0688		0.0164		0.0277		-0.0513		-0.0458		0.0085		0.0017		-0.0185		-0.1021		0.0300		-0.0990		-0.0709		0.0350		-0.0202		0.0272		-0.1059		-0.1543		-0.0435		0.0081		-0.0899		-0.0275		0.0061		0.0151		1.0000		-0.0882		0.0914		0.0909		0.0153		-0.1136		-0.0984		-0.0577		-0.1022		-0.0846		0.0124		-0.1066		0.0362		0.1171		0.0086		0.0085		0.1153		-0.1309		0.0130		-0.0818		-0.0269		-0.0797		0.0326		0.0893		-0.0546		-0.0247		
[25] ->  -0.0430		-0.0104		-0.0870		-0.0408		-0.0611		-0.1526		-0.1289		0.1529		-0.0486		-0.0279		0.0086		0.0002		-0.1286		0.0284		-0.0326		0.0067		0.0388		0.0787		0.1194		0.0136		0.1024		-0.0692		-0.1553		0.0162		-0.0882		1.0000		-0.0678		0.0284		0.0362		-0.0347		0.1220		0.0308		0.0215		-0.0592		-0.1054		0.0400		-0.0947		-0.0090		-0.0098		-0.0078		-0.0902		-0.0541		-0.0234		0.0196		0.0344		-0.0190		-0.0843		0.0032		0.1303		-0.1062		
[26] ->  -0.0172		-0.0158		0.0746		0.0257		-0.0145		0.0192		0.0906		0.0472		-0.0732		0.0295		-0.0562		0.0630		0.0085		0.0629		0.0420		-0.0138		0.0093		-0.0751		0.0771		-0.0949		-0.0811		-0.0289		0.0020		-0.0198		0.0914		-0.0678		1.0000		-0.0613		-0.0310		0.1141		0.0157		-0.0904		0.0265		0.0189		-0.0370		0.0712		0.0741		0.0072		0.0227		0.0368		0.0263		-0.0675		-0.0732		0.0847		-0.1174		-0.0160		0.0562		0.0366		-0.0349		-0.0335		
[27] ->  0.0955		0.0237		0.0755		-0.0938		0.0164		-0.0070		0.0296		-0.0312		0.0001		0.0275		0.1277		-0.0910		-0.0431		-0.0880		-0.0721		-0.0355		-0.0165		0.0767		-0.0548		-0.0416		0.0123		-0.0803		-0.0553		0.0063		0.0909		0.0284		-0.0613		1.0000		0.0154		0.0525		0.0027		-0.0677		-0.0296		0.0452		0.0050		-0.0486		-0.0235		-0.0779		-0.0655		0.0229		0.0174		0.0741		0.0047		-0.0372		-0.0884		-0.0152		0.0190		0.0415		-0.0216		0.0032		
[28] ->  0.0884		-0.0978		0.1494		0.0512		0.0685		0.0929		0.0220		-0.1393		-0.0093		-0.0385		0.0346		-0.0283		-0.0020		-0.0197		-0.0756		-0.1039		-0.0508		-0.1476		-0.0590		0.0305		-0.0062		-0.1538		-0.0112		-0.0059		0.0153		0.0362		-0.0310		0.0154		1.0000		-0.0727		0.0198		0.0121		-0.1312		0.0573		-0.0857		0.0502		-0.0776		0.0148		-0.0964		-0.0426		0.0181		-0.0767		-0.0429		-0.0107		0.0614		0.1218		-0.0520		0.0191		-0.0009		0.0159		
[29] ->  0.0809		0.0844		0.0020		-0.0364		-0.0709		0.0279		0.0307		-0.0762		0.0882		-0.0259		-0.1011		0.0853		-0.0151		-0.0124		0.1229		0.1529		0.0254		0.0248		0.0722		0.0408		0.0062		-0.0251		-0.0083		-0.0345		-0.1136		-0.0347		0.1141		0.0525		-0.0727		1.0000		0.0920		0.0479		0.0317		-0.0011		-0.0447		-0.0143		0.0188		0.0744		0.0764		-0.0130		0.0364		0.0663		-0.0465		-0.0150		-0.0627		0.0165		0.0753		0.0315		-0.0767		-0.1178		
[30] ->  0.0536		0.0238		0.0501		-0.0817		0.0333		-0.0389		0.0333		0.0396		-0.0470		0.1140		-0.0448		0.0208		-0.0729		0.1120		0.0554		-0.0204		-0.0463		0.0337		-0.0084		-0.0433		-0.0787		0.0484		0.0150		0.0708		-0.0984		0.1220		0.0157		0.0027		0.0198		0.0920		1.0000		0.0589		-0.0275		0.0204		-0.0516		0.0166		-0.1564		-0.0213		-0.0271		0.0130		-0.1018		0.0762		-0.0786		0.0572		0.1348		0.0026		0.1004		-0.1118		0.0321		-0.0491		
[31] ->  -0.0304		-0.1029		0.0060		-0.0481		-0.0184		0.0909		0.1018		0.0568		0.0293		0.0041		0.0802		0.0312		-0.0256		0.0549		0.0033		-0.0993		0.0531		0.0568		-0.0880		0.0073		0.0632		0.0011		-0.0013		0.0585		-0.0577		0.0308		-0.0904		-0.0677		0.0121		0.0479		0.0589		1.0000		0.1118		0.0213		-0.0715		0.0200		-0.0155		0.0866		-0.0095		0.0149		0.1833		0.0001		0.0898		0.0529		0.0806		0.0892		-0.0254		0.1525		0.1196		-0.0183		
[32] ->  0.0250		0.0051		0.0133		-0.0076		-0.0194		-0.0223		0.0623		0.0759		-0.0671		0.0030		-0.0136		-0.0358		0.0481		-0.0451		0.0340		-0.0437		0.0900		0.0086		-0.0172		-0.0164		0.1244		0.0200		0.0479		-0.0454		-0.1022		0.0215		0.0265		-0.0296		-0.1312		0.0317		-0.0275		0.1118		1.0000		0.0138		0.0105		0.0889		-0.0611		-0.0581		-0.0153		-0.1087		-0.0159		-0.1136		-0.0473		-0.0767		-0.0397		-0.0602		-0.0224		0.0324		-0.0369		-0.1220		
[33] ->  0.1468		-0.0148		-0.0043		-0.0923		0.0218		-0.0318		-0.0533		0.0423		0.0018		-0.1560		-0.0470		0.0361		0.0303		0.0344		0.0723		-0.0888		0.0227		0.0085		-0.0028		-0.0342		0.0091		-0.0633		0.0286		-0.0023		-0.0846		-0.0592		0.0189		0.0452		0.0573		-0.0011		0.0204		0.0213		0.0138		1.0000		0.0398		-0.0309		-0.0837		-0.0810		0.0367		-0.0681		-0.1434		-0.0668		0.0030		-0.0179		-0.0256		0.1220		-0.0361		-0.0242		-0.0262		-0.0163		
[34] ->  0.0157		-0.0719		-0.0738		0.0145		0.0019		-0.0010		0.0174		0.0125		0.0487		-0.1804		-0.0201		0.0161		0.0817		-0.0982		-0.0840		0.1151		0.1573		-0.0714		-0.0793		0.1223		-0.0485		-0.0088		0.0867		0.1212		0.0124		-0.1054		-0.0370		0.0050		-0.0857		-0.0447		-0.0516		-0.0715		0.0105		0.0398		1.0000		-0.0629		-0.0554		-0.0749		-0.0404		-0.0397		-0.0533		-0.0801		-0.0583		-0.0276		0.0017		-0.0756		-0.0274		-0.0007		-0.0841		0.0183		
[35] ->  -0.0082		0.0225		0.0520		0.0859		-0.0418		0.0064		0.0200		0.0158		0.0591		0.0997		-0.0954		-0.1186		-0.0038		0.0522		-0.0007		0.0301		0.1510		0.0219		-0.0163		0.0293		0.1542		0.0869		0.0052		-0.0540		-0.1066		0.0400		0.0712		-0.0486		0.0502		-0.0143		0.0166		0.0200		0.0889		-0.0309		-0.0629		1.0000		0.0070		-0.0035		-0.0804		-0.0389		-0.0527		-0.0900		0.0112		-0.0499		-0.0956		0.0033		-0.0337		0.1591		0.0257		0.0030		
[36] ->  -0.0618		0.1861		0.1334		-0.0300		-0.0084		-0.0141		0.0366		0.0222		-0.0260		-0.0365		-0.0065		0.1018		0.0366		0.0725		0.0813		0.0084		-0.1142		0.0466		0.0427		-0.0007		0.0525		0.0355		0.0795		-0.0696		0.0362		-0.0947		0.0741		-0.0235		-0.0776		0.0188		-0.1564		-0.0155		-0.0611		-0.0837		-0.0554		0.0070		1.0000		0.0250		-0.0578		0.0426		0.0571		0.0324		-0.0125		0.0587		-0.1142		0.0816		0.0301		0.0957		-0.0183		0.1388		
[37] ->  -0.0123		-0.1238		0.1086		0.0671		-0.0273		0.1117		0.1417		0.0974		0.0070		0.0828		0.0616		0.0489		0.0464		-0.0480		0.1466		-0.0819		-0.1623		-0.0991		0.0251		0.1263		0.0044		-0.0778		-0.0133		-0.1188		0.1171		-0.0090		0.0072		-0.0779		0.0148		0.0744		-0.0213		0.0866		-0.0581		-0.0810		-0.0749		-0.0035		0.0250		1.0000		0.0778		0.0704		-0.0347		-0.0471		-0.0017		-0.0437		-0.1033		0.0274		-0.0822		0.0787		0.0634		0.0020		
[38] ->  -0.0229		0.0333		-0.1035		-0.0460		0.0655		-0.1091		0.0560		-0.0365		0.0204		-0.0360		-0.0023		-0.0160		0.0151		0.0702		-0.0766		-0.0745		0.0838		-0.1339		-0.0762		-0.0421		-0.0290		-0.0483		0.0264		-0.0009		0.0086		-0.0098		0.0227		-0.0655		-0.0964		0.0764		-0.0271		-0.0095		-0.0153		0.0367		-0.0404		-0.0804		-0.0578		0.0778		1.0000		0.1584		-0.0173		0.0233		-0.0286		0.0156		-0.0887		-0.0433		-0.1557		0.1150		-0.0648		-0.0046		
[39] ->  -0.0565		-0.1168		0.0598		-0.1559		-0.0310		-0.0100		-0.0162		0.0826		0.0046		-0.0561		-0.0998		0.0944		-0.0958		0.0997		-0.0985		-0.0836		-0.0439		0.0495		-0.0362		0.0333		0.0345		-0.0763		0.0485		-0.0961		0.0085		-0.0078		0.0368		0.0229		-0.0426		-0.0130		0.0130		0.0149		-0.1087		-0.0681		-0.0397		-0.0389		0.0426		0.0704		0.1584		1.0000		0.0307		-0.0085		-0.0184		0.1048		-0.0703		-0.1215		-0.0057		0.0599		-0.0651		-0.0979		
[40] ->  0.0387		-0.0782		0.0515		0.0566		-0.0507		0.1129		0.0525		0.0394		-0.0379		0.0482		0.0062		0.0660		-0.0369		0.0836		0.0071		0.0636		-0.0263		-0.0200		0.0613		-0.0483		-0.0114		-0.0683		-0.0438		-0.0254		0.1153		-0.0902		0.0263		0.0174		0.0181		0.0364		-0.1018		0.1833		-0.0159		-0.1434		-0.0533		-0.0527		0.0571		-0.0347		-0.0173		0.0307		1.0000		0.0428		0.0137		0.0853		-0.0600		0.0537		0.0431		0.0766		-0.0044		0.0834		
[41] ->  0.0109		0.0178		-0.0817		0.0289		0.0819		0.0508		-0.0607		-0.1524		-0.0515		-0.0272		-0.0539		0.0627		0.0266		-0.1171		0.0428		-0.0136		-0.0206		-0.0814		0.0617		-0.0955		-0.0250		0.0083		-0.0367		-0.0624		-0.1309		-0.0541		-0.0675		0.0741		-0.0767		0.0663		0.0762		0.0001		-0.1136		-0.0668		-0.0801		-0.0900		0.0324		-0.0471		0.0233		-0.0085		0.0428		1.0000		0.0801		0.0478		0.0080		-0.0546		-0.0041		-0.1207		0.0533		0.0913		
[42] ->  0.0314		0.0154		0.0157		0.0499		0.0695		-0.0421		0.0292		0.0816		0.1263		0.0329		0.0851		0.0089		0.0251		-0.0471		0.0423		-0.0204		-0.0433		-0.1113		0.0180		0.0737		0.0342		-0.0072		-0.0909		-0.0830		0.0130		-0.0234		-0.0732		0.0047		-0.0429		-0.0465		-0.0786		0.0898		-0.0473		0.0030		-0.0583		0.0112		-0.0125		-0.0017		-0.0286		-0.0184		0.0137		0.0801		1.0000		-0.0398		-0.0249		0.0527		0.0568		0.0441		0.0921		-0.0227		
[43] ->  -0.0553		-0.0710		0.0207		0.0145		-0.0679		0.0189		-0.0319		0.0213		-0.0507		-0.0245		-0.1014		0.1066		0.0298		-0.0601		-0.0462		-0.0793		-0.0013		0.1155		0.0278		0.0079		0.1518		0.0925		0.0095		0.0466		-0.0818		0.0196		0.0847		-0.0372		-0.0107		-0.0150		0.0572		0.0529		-0.0767		-0.0179		-0.0276		-0.0499		0.0587		-0.0437		0.0156		0.1048		0.0853		0.0478		-0.0398		1.0000		0.0780		-0.0157		0.0939		-0.0228		0.0336		-0.0058		
[44] ->  0.1413		-0.0622		-0.0143		-0.0562		0.0554		-0.0179		-0.0160		0.0114		0.0794		0.0173		0.0777		0.0115		-0.0545		-0.0467		-0.0865		0.0582		-0.0873		0.0468		-0.1035		-0.0787		0.0322		0.0020		0.0365		0.0427		-0.0269		0.0344		-0.1174		-0.0884		0.0614		-0.0627		0.1348		0.0806		-0.0397		-0.0256		0.0017		-0.0956		-0.1142		-0.1033		-0.0887		-0.0703		-0.0600		0.0080		-0.0249		0.0780		1.0000		0.0549		0.0151		-0.0749		0.0778		0.0562		
[45] ->  0.0800		0.0283		-0.0782		0.0897		0.0653		-0.0332		0.0102		-0.0329		-0.0416		0.0416		0.1664		-0.0212		-0.0944		0.0606		0.0979		0.0058		0.0049		0.0447		0.0240		0.0315		0.0772		0.0061		-0.0112		0.0055		-0.0797		-0.0190		-0.0160		-0.0152		0.1218		0.0165		0.0026		0.0892		-0.0602		0.1220		-0.0756		0.0033		0.0816		0.0274		-0.0433		-0.1215		0.0537		-0.0546		0.0527		-0.0157		0.0549		1.0000		0.0003		-0.0154		0.0014		0.0146		
[46] ->  -0.0978		0.0069		-0.0421		0.0681		-0.0254		0.0913		0.0186		0.0331		0.0666		-0.0578		0.0250		0.0607		0.0222		0.0556		-0.0461		0.1349		-0.0352		0.1159		-0.0077		0.0307		0.0296		0.0921		-0.0397		-0.0548		0.0326		-0.0843		0.0562		0.0190		-0.0520		0.0753		0.1004		-0.0254		-0.0224		-0.0361		-0.0274		-0.0337		0.0301		-0.0822		-0.1557		-0.0057		0.0431		-0.0041		0.0568		0.0939		0.0151		0.0003		1.0000		-0.1019		0.0743		-0.0450		
[47] ->  0.0789		0.0284		0.0282		0.0746		-0.0900		0.0101		0.2200		0.0664		0.0131		-0.0065		-0.0687		0.0218		0.0584		0.0134		-0.0900		-0.1084		0.0041		-0.0062		-0.0254		0.1008		-0.0233		-0.0264		0.0025		-0.0045		0.0893		0.0032		0.0366		0.0415		0.0191		0.0315		-0.1118		0.1525		0.0324		-0.0242		-0.0007		0.1591		0.0957		0.0787		0.1150		0.0599		0.0766		-0.1207		0.0441		-0.0228		-0.0749		-0.0154		-0.1019		1.0000		-0.0758		-0.0014		
[48] ->  0.0775		-0.0435		-0.0616		-0.1241		0.0266		0.0840		-0.0891		-0.1059		0.1150		0.0044		-0.0308		-0.0188		0.0022		-0.0709		-0.0254		-0.0124		-0.0586		0.0090		0.0539		-0.1220		0.0554		-0.0568		-0.0475		-0.0256		-0.0546		0.1303		-0.0349		-0.0216		-0.0009		-0.0767		0.0321		0.1196		-0.0369		-0.0262		-0.0841		0.0257		-0.0183		0.0634		-0.0648		-0.0651		-0.0044		0.0533		0.0921		0.0336		0.0778		0.0014		0.0743		-0.0758		1.0000		-0.0274		
[49] ->  -0.0839		0.0613		-0.0838		0.0360		0.0370		-0.0131		0.1121		-0.0479		-0.0729		0.0418		0.1167		0.0110		0.0819		-0.0082		-0.0416		0.1003		-0.0246		-0.0494		0.1379		0.0172		0.0104		0.0676		-0.0084		-0.0010		-0.0247		-0.1062		-0.0335		0.0032		0.0159		-0.1178		-0.0491		-0.0183		-0.1220		-0.0163		0.0183		0.0030		0.1388		0.0020		-0.0046		-0.0979		0.0834		0.0913		-0.0227		-0.0058		0.0562		0.0146		-0.0450		-0.0014		-0.0274		1.0000		
----------------------------------
Vecinos utilizados para calcular Usuario 0 -> Item 205
[(33, 0.14684771362995325), (44, 0.14130816106273408), (19, 0.12066912035483549), (5, 0.11087423256916733), (27, 0.0954991451112897)]
Resultado prediccion: 2.4238
----------------------------------
Vecinos utilizados para calcular Usuario 1 -> Item 118
[(36, 0.18605084503643757), (9, 0.16712685002872213), (17, 0.13991455164682146), (14, 0.10706857797666558), (29, 0.08435279239830916)]
Resultado prediccion: 2.352
----------------------------------
Vecinos utilizados para calcular Usuario 1 -> Item 199
[(36, 0.18605084503643757), (9, 0.16712685002872213), (17, 0.13991455164682146), (14, 0.10706857797666558), (29, 0.08435279239830916)]
Resultado prediccion: 3.91
----------------------------------
Vecinos utilizados para calcular Usuario 1 -> Item 228
[(36, 0.18605084503643757), (9, 0.16712685002872213), (17, 0.13991455164682146), (14, 0.10706857797666558), (29, 0.08435279239830916)]
Resultado prediccion: 1.5094
----------------------------------
Vecinos utilizados para calcular Usuario 1 -> Item 229
[(36, 0.18605084503643757), (9, 0.16712685002872213), (17, 0.13991455164682146), (14, 0.10706857797666558), (29, 0.08435279239830916)]
Resultado prediccion: 3.2244
----------------------------------
Vecinos utilizados para calcular Usuario 1 -> Item 249
[(36, 0.18605084503643757), (9, 0.16712685002872213), (17, 0.13991455164682146), (14, 0.10706857797666558), (29, 0.08435279239830916)]
Resultado prediccion: 2.9547
----------------------------------
Vecinos utilizados para calcular Usuario 2 -> Item 4
[(28, 0.14935240536629724), (14, 0.13576747364404726), (36, 0.13340694598834268), (18, 0.11382887664072619), (37, 0.1085907037011975)]
Resultado prediccion: 2.4375
----------------------------------
Vecinos utilizados para calcular Usuario 2 -> Item 10
[(28, 0.14935240536629724), (14, 0.13576747364404726), (36, 0.13340694598834268), (18, 0.11382887664072619), (37, 0.1085907037011975)]
Resultado prediccion: 1.44
----------------------------------
Vecinos utilizados para calcular Usuario 2 -> Item 68
[(28, 0.14935240536629724), (14, 0.13576747364404726), (36, 0.13340694598834268), (18, 0.11382887664072619), (37, 0.1085907037011975)]
Resultado prediccion: 1.3519
----------------------------------
Vecinos utilizados para calcular Usuario 3 -> Item 70
[(5, 0.15243559826657224), (45, 0.08972587679407133), (35, 0.08585324628772466), (18, 0.07770142050271435), (47, 0.07462850929457698)]
Resultado prediccion: 1.2681
----------------------------------
Vecinos utilizados para calcular Usuario 3 -> Item 83
[(5, 0.15243559826657224), (45, 0.08972587679407133), (35, 0.08585324628772466), (18, 0.07770142050271435), (47, 0.07462850929457698)]
Resultado prediccion: 2.7289
----------------------------------
Vecinos utilizados para calcular Usuario 3 -> Item 84
[(5, 0.15243559826657224), (45, 0.08972587679407133), (35, 0.08585324628772466), (18, 0.07770142050271435), (47, 0.07462850929457698)]
Resultado prediccion: 3.843
----------------------------------
Vecinos utilizados para calcular Usuario 4 -> Item 22
[(20, 0.11412287658100694), (22, 0.10772761706210217), (10, 0.10224573138003976), (41, 0.08186368416518877), (42, 0.06951212919517154)]
Resultado prediccion: 2.3718
----------------------------------
Vecinos utilizados para calcular Usuario 4 -> Item 143
[(20, 0.11412287658100694), (22, 0.10772761706210217), (10, 0.10224573138003976), (41, 0.08186368416518877), (42, 0.06951212919517154)]
Resultado prediccion: 1.5764
----------------------------------
Vecinos utilizados para calcular Usuario 4 -> Item 209
[(20, 0.11412287658100694), (22, 0.10772761706210217), (10, 0.10224573138003976), (41, 0.08186368416518877), (42, 0.06951212919517154)]
Resultado prediccion: 1.9784
----------------------------------
Vecinos utilizados para calcular Usuario 6 -> Item 246
[(47, 0.22004035961866145), (9, 0.1656215599265934), (37, 0.14169430852485046), (11, 0.13041753178109627), (49, 0.11208938913211752)]
Resultado prediccion: 2.4575
----------------------------------
Vecinos utilizados para calcular Usuario 7 -> Item 14
[(25, 0.15293942431342475), (12, 0.1346570492885799), (37, 0.09737430398522466), (11, 0.09293865189601931), (19, 0.09190532735503364)]
Resultado prediccion: 2.4364
----------------------------------
Vecinos utilizados para calcular Usuario 7 -> Item 66
[(25, 0.15293942431342475), (12, 0.1346570492885799), (37, 0.09737430398522466), (11, 0.09293865189601931), (19, 0.09190532735503364)]
Resultado prediccion: 2.0116
----------------------------------
Vecinos utilizados para calcular Usuario 7 -> Item 108
[(25, 0.15293942431342475), (12, 0.1346570492885799), (37, 0.09737430398522466), (11, 0.09293865189601931), (19, 0.09190532735503364)]
Resultado prediccion: 2.9409
----------------------------------
Vecinos utilizados para calcular Usuario 7 -> Item 143
[(25, 0.15293942431342475), (12, 0.1346570492885799), (37, 0.09737430398522466), (11, 0.09293865189601931), (19, 0.09190532735503364)]
Resultado prediccion: 2.4668
----------------------------------
Vecinos utilizados para calcular Usuario 7 -> Item 163
[(25, 0.15293942431342475), (12, 0.1346570492885799), (37, 0.09737430398522466), (11, 0.09293865189601931), (19, 0.09190532735503364)]
Resultado prediccion: 2.3902
----------------------------------
Vecinos utilizados para calcular Usuario 8 -> Item 164
[(42, 0.12627118964948808), (48, 0.11501799835530141), (10, 0.08880342780639726), (29, 0.0881983884941177), (16, 0.08727778813253056)]
Resultado prediccion: 1.6273
----------------------------------
Vecinos utilizados para calcular Usuario 9 -> Item 181
[(1, 0.16712685002872213), (6, 0.1656215599265934), (17, 0.11423901848733148), (30, 0.11395411952315795), (35, 0.09972805760368794)]
Resultado prediccion: 2.8151
----------------------------------
Vecinos utilizados para calcular Usuario 9 -> Item 185
[(1, 0.16712685002872213), (6, 0.1656215599265934), (17, 0.11423901848733148), (30, 0.11395411952315795), (35, 0.09972805760368794)]
Resultado prediccion: 2.8221
----------------------------------
Vecinos utilizados para calcular Usuario 11 -> Item 71
[(6, 0.13041753178109627), (43, 0.10659652779648131), (36, 0.1017928901852746), (39, 0.0943943865310348), (7, 0.09293865189601931)]
Resultado prediccion: 1.4894
----------------------------------
Vecinos utilizados para calcular Usuario 11 -> Item 229
[(6, 0.13041753178109627), (43, 0.10659652779648131), (36, 0.1017928901852746), (39, 0.0943943865310348), (7, 0.09293865189601931)]
Resultado prediccion: 1.5653
----------------------------------
Vecinos utilizados para calcular Usuario 12 -> Item 47
[(7, 0.1346570492885799), (49, 0.08185985542239228), (34, 0.08173289476757885), (0, 0.07007439752564061), (47, 0.05835801151459209)]
Resultado prediccion: 2.7524
----------------------------------
Vecinos utilizados para calcular Usuario 13 -> Item 6
[(17, 0.1127170303169786), (30, 0.11201420964343685), (39, 0.0997073602523125), (22, 0.09713003898018714), (10, 0.08983116979353846)]
Resultado prediccion: 3.699
----------------------------------
Vecinos utilizados para calcular Usuario 13 -> Item 55
[(17, 0.1127170303169786), (30, 0.11201420964343685), (39, 0.0997073602523125), (22, 0.09713003898018714), (10, 0.08983116979353846)]
Resultado prediccion: 3.2675
----------------------------------
Vecinos utilizados para calcular Usuario 13 -> Item 73
[(17, 0.1127170303169786), (30, 0.11201420964343685), (39, 0.0997073602523125), (10, 0.08983116979353846), (40, 0.08361048429943387)]
Resultado prediccion: 2.4377
----------------------------------
Vecinos utilizados para calcular Usuario 13 -> Item 87
[(17, 0.1127170303169786), (30, 0.11201420964343685), (39, 0.0997073602523125), (22, 0.09713003898018714), (10, 0.08983116979353846)]
Resultado prediccion: 2.1964
----------------------------------
Vecinos utilizados para calcular Usuario 13 -> Item 143
[(17, 0.1127170303169786), (30, 0.11201420964343685), (39, 0.0997073602523125), (22, 0.09713003898018714), (10, 0.08983116979353846)]
Resultado prediccion: 1.5519
----------------------------------
Vecinos utilizados para calcular Usuario 14 -> Item 144
[(37, 0.14656095775264846), (2, 0.13576747364404726), (29, 0.12292184980051173), (21, 0.10956817558312798), (1, 0.10706857797666558)]
Resultado prediccion: 2.7359
----------------------------------
Vecinos utilizados para calcular Usuario 14 -> Item 201
[(37, 0.14656095775264846), (2, 0.13576747364404726), (29, 0.12292184980051173), (21, 0.10956817558312798), (1, 0.10706857797666558)]
Resultado prediccion: 2.884
----------------------------------
Vecinos utilizados para calcular Usuario 15 -> Item 12
[(18, 0.15547411632194272), (29, 0.1528652282404166), (46, 0.13486397617043921), (17, 0.11992084563763669), (21, 0.11584309100033727)]
Resultado prediccion: 4.0849
----------------------------------
Vecinos utilizados para calcular Usuario 15 -> Item 79
[(18, 0.15547411632194272), (29, 0.1528652282404166), (46, 0.13486397617043921), (17, 0.11992084563763669), (21, 0.11584309100033727)]
Resultado prediccion: 2.4054
----------------------------------
Vecinos utilizados para calcular Usuario 15 -> Item 109
[(18, 0.15547411632194272), (29, 0.1528652282404166), (46, 0.13486397617043921), (17, 0.11992084563763669), (21, 0.11584309100033727)]
Resultado prediccion: 2.4293
----------------------------------
Vecinos utilizados para calcular Usuario 16 -> Item 1
[(34, 0.15728350327761045), (35, 0.15104898129219854), (32, 0.09003435983647264), (17, 0.08732057776953986), (8, 0.08727778813253056)]
Resultado prediccion: 3.8078
----------------------------------
Vecinos utilizados para calcular Usuario 16 -> Item 36
[(34, 0.15728350327761045), (35, 0.15104898129219854), (32, 0.09003435983647264), (17, 0.08732057776953986), (8, 0.08727778813253056)]
Resultado prediccion: 3.1511
----------------------------------
Vecinos utilizados para calcular Usuario 16 -> Item 187
[(34, 0.15728350327761045), (35, 0.15104898129219854), (32, 0.09003435983647264), (17, 0.08732057776953986), (8, 0.08727778813253056)]
Resultado prediccion: 3.1508
----------------------------------
Vecinos utilizados para calcular Usuario 17 -> Item 107
[(1, 0.13991455164682146), (15, 0.11992084563763669), (46, 0.1158657883471469), (43, 0.11554301982379563), (9, 0.11423901848733148)]
Resultado prediccion: 2.9949
----------------------------------
Vecinos utilizados para calcular Usuario 17 -> Item 182
[(1, 0.13991455164682146), (15, 0.11992084563763669), (46, 0.1158657883471469), (43, 0.11554301982379563), (9, 0.11423901848733148)]
Resultado prediccion: 2.6114
----------------------------------
Vecinos utilizados para calcular Usuario 18 -> Item 177
[(15, 0.15547411632194272), (49, 0.1379244474048603), (20, 0.13459842781014253), (25, 0.11940028063426227), (2, 0.11382887664072619)]
Resultado prediccion: 3.856
----------------------------------
Vecinos utilizados para calcular Usuario 18 -> Item 194
[(15, 0.15547411632194272), (49, 0.1379244474048603), (20, 0.13459842781014253), (25, 0.11940028063426227), (2, 0.11382887664072619)]
Resultado prediccion: 3.5862
----------------------------------
Vecinos utilizados para calcular Usuario 19 -> Item 92
[(37, 0.1263045095377071), (34, 0.12231376995245948), (0, 0.12066912035483549), (15, 0.1031508112983529), (47, 0.10075277635817334)]
Resultado prediccion: 2.8468
----------------------------------
Vecinos utilizados para calcular Usuario 19 -> Item 158
[(37, 0.1263045095377071), (34, 0.12231376995245948), (0, 0.12066912035483549), (15, 0.1031508112983529), (47, 0.10075277635817334)]
Resultado prediccion: 2.6846
----------------------------------
Vecinos utilizados para calcular Usuario 20 -> Item 39
[(35, 0.1541968850729324), (43, 0.15177332169116783), (18, 0.13459842781014253), (32, 0.12444895328601147), (4, 0.11412287658100694)]
Resultado prediccion: 1.5884
----------------------------------
Vecinos utilizados para calcular Usuario 20 -> Item 62
[(35, 0.1541968850729324), (43, 0.15177332169116783), (18, 0.13459842781014253), (32, 0.12444895328601147), (4, 0.11412287658100694)]
Resultado prediccion: 2.8531
----------------------------------
Vecinos utilizados para calcular Usuario 20 -> Item 125
[(35, 0.1541968850729324), (43, 0.15177332169116783), (18, 0.13459842781014253), (32, 0.12444895328601147), (4, 0.11412287658100694)]
Resultado prediccion: 2.2389
----------------------------------
Vecinos utilizados para calcular Usuario 20 -> Item 163
[(35, 0.1541968850729324), (43, 0.15177332169116783), (18, 0.13459842781014253), (32, 0.12444895328601147), (4, 0.11412287658100694)]
Resultado prediccion: 2.2656
----------------------------------
Vecinos utilizados para calcular Usuario 20 -> Item 227
[(35, 0.1541968850729324), (43, 0.15177332169116783), (18, 0.13459842781014253), (32, 0.12444895328601147), (4, 0.11412287658100694)]
Resultado prediccion: 2.1006
----------------------------------
Vecinos utilizados para calcular Usuario 21 -> Item 115
[(15, 0.11584309100033727), (14, 0.10956817558312798), (43, 0.092468373971179), (46, 0.09207196817458063), (35, 0.08688796668131825)]
Resultado prediccion: 3.594
----------------------------------
Vecinos utilizados para calcular Usuario 21 -> Item 147
[(15, 0.11584309100033727), (14, 0.10956817558312798), (43, 0.092468373971179), (46, 0.09207196817458063), (35, 0.08688796668131825)]
Resultado prediccion: 2.6292
----------------------------------
Vecinos utilizados para calcular Usuario 21 -> Item 226
[(15, 0.11584309100033727), (14, 0.10956817558312798), (43, 0.092468373971179), (46, 0.09207196817458063), (35, 0.08688796668131825)]
Resultado prediccion: 4.2548
----------------------------------
Vecinos utilizados para calcular Usuario 22 -> Item 73
[(4, 0.10772761706210217), (34, 0.08667158063288113), (5, 0.08290645646583973), (36, 0.07945112133863355), (14, 0.07570208393666855)]
Resultado prediccion: 0.8483
----------------------------------
Vecinos utilizados para calcular Usuario 22 -> Item 223
[(4, 0.10772761706210217), (13, 0.09713003898018714), (34, 0.08667158063288113), (5, 0.08290645646583973), (36, 0.07945112133863355)]
Resultado prediccion: 3.3418
----------------------------------
Vecinos utilizados para calcular Usuario 23 -> Item 203
[(34, 0.12122469235501002), (10, 0.07909722461327855), (20, 0.07570746474707396), (30, 0.07082184370513928), (16, 0.07070425765862573)]
Resultado prediccion: 2.8626
----------------------------------
Vecinos utilizados para calcular Usuario 24 -> Item 166
[(37, 0.11712243187163801), (40, 0.11527576495635235), (26, 0.09137074565766498), (27, 0.09090329020257808), (47, 0.08928843680911944)]
Resultado prediccion: 3.7662
----------------------------------
Vecinos utilizados para calcular Usuario 24 -> Item 170
[(37, 0.11712243187163801), (40, 0.11527576495635235), (26, 0.09137074565766498), (27, 0.09090329020257808), (47, 0.08928843680911944)]
Resultado prediccion: 3.2287
----------------------------------
Vecinos utilizados para calcular Usuario 24 -> Item 194
[(37, 0.11712243187163801), (40, 0.11527576495635235), (26, 0.09137074565766498), (27, 0.09090329020257808), (47, 0.08928843680911944)]
Resultado prediccion: 1.8918
----------------------------------
Vecinos utilizados para calcular Usuario 25 -> Item 135
[(7, 0.15293942431342475), (48, 0.13032104365412048), (30, 0.12204178982935139), (18, 0.11940028063426227), (20, 0.10242247105537557)]
Resultado prediccion: 2.2107
----------------------------------
Vecinos utilizados para calcular Usuario 25 -> Item 160
[(7, 0.15293942431342475), (48, 0.13032104365412048), (30, 0.12204178982935139), (18, 0.11940028063426227), (20, 0.10242247105537557)]
Resultado prediccion: 2.4134
----------------------------------
Vecinos utilizados para calcular Usuario 26 -> Item 235
[(29, 0.11406646809353224), (24, 0.09137074565766498), (6, 0.0905954791722967), (43, 0.08472594929508458), (18, 0.07710472616876524)]
Resultado prediccion: 2.8756
----------------------------------
Vecinos utilizados para calcular Usuario 27 -> Item 4
[(10, 0.12767131510316365), (0, 0.0954991451112897), (24, 0.09090329020257808), (17, 0.0766675248693142), (41, 0.07408622269323345)]
Resultado prediccion: 3.2416
----------------------------------
Vecinos utilizados para calcular Usuario 27 -> Item 91
[(10, 0.12767131510316365), (0, 0.0954991451112897), (24, 0.09090329020257808), (17, 0.0766675248693142), (2, 0.07548736892159862)]
Resultado prediccion: 2.744
----------------------------------
Vecinos utilizados para calcular Usuario 28 -> Item 27
[(2, 0.14935240536629724), (45, 0.12175248353385393), (5, 0.0928704101743409), (0, 0.08836864429085352), (4, 0.06853185304605225)]
Resultado prediccion: 2.2318
----------------------------------
Vecinos utilizados para calcular Usuario 28 -> Item 175
[(2, 0.14935240536629724), (45, 0.12175248353385393), (5, 0.0928704101743409), (0, 0.08836864429085352), (4, 0.06853185304605225)]
Resultado prediccion: 2.6835
----------------------------------
Vecinos utilizados para calcular Usuario 28 -> Item 207
[(2, 0.14935240536629724), (45, 0.12175248353385393), (5, 0.0928704101743409), (0, 0.08836864429085352), (4, 0.06853185304605225)]
Resultado prediccion: 2.0207
----------------------------------
Vecinos utilizados para calcular Usuario 28 -> Item 225
[(2, 0.14935240536629724), (45, 0.12175248353385393), (5, 0.0928704101743409), (0, 0.08836864429085352), (4, 0.06853185304605225)]
Resultado prediccion: 2.372
----------------------------------
Vecinos utilizados para calcular Usuario 30 -> Item 109
[(44, 0.13477675285432889), (25, 0.12204178982935139), (9, 0.11395411952315795), (13, 0.11201420964343685), (46, 0.10039361090475003)]
Resultado prediccion: 3.8602
----------------------------------
Vecinos utilizados para calcular Usuario 30 -> Item 234
[(44, 0.13477675285432889), (25, 0.12204178982935139), (9, 0.11395411952315795), (13, 0.11201420964343685), (46, 0.10039361090475003)]
Resultado prediccion: 1.8244
----------------------------------
Vecinos utilizados para calcular Usuario 31 -> Item 118
