1. Metrica empleada: pearson
2. Metodo de prediccion: simple
3. Numero de vecinos: 5
---------------------
MATRIZ DE SIMILITUDES
[0] ->  1.0000		-0.1513		-0.0106		-0.0453		-0.1088		0.0271		-0.0762		0.0806		0.1539		-0.1298		-0.0905		0.1028		0.0217		-0.0932		-0.1093		0.0186		0.0989		-0.1372		-0.0188		0.0970		0.0089		0.0887		-0.0532		-0.0386		-0.0523		
[1] ->  -0.1513		1.0000		-0.0898		-0.0506		-0.0943		-0.0061		0.0204		0.1159		0.0119		0.0207		0.2403		0.0931		0.0716		-0.0710		-0.1321		-0.1348		0.0519		-0.0606		0.0090		0.1899		0.0865		-0.1109		-0.0175		0.2248		-0.1048		
[2] ->  -0.0106		-0.0898		1.0000		-0.1043		0.0979		-0.0749		0.0885		0.1054		-0.0273		-0.1739		-0.1575		0.0035		-0.0531		-0.0678		0.0199		0.0439		0.1080		-0.0001		-0.0735		0.0408		0.0183		-0.0199		0.1552		-0.0764		0.0988		
[3] ->  -0.0453		-0.0506		-0.1043		1.0000		-0.0133		-0.0236		-0.0448		0.1997		0.0347		-0.1069		0.0329		-0.2167		-0.0590		-0.0648		-0.1140		-0.0678		0.1290		0.1950		0.0563		0.1335		-0.0206		0.0284		-0.0481		-0.0302		0.0264		
[4] ->  -0.1088		-0.0943		0.0979		-0.0133		1.0000		0.0553		-0.0648		-0.0956		-0.0840		0.0596		-0.0834		-0.0387		0.0829		0.1532		0.0592		0.1050		0.0187		0.0281		-0.0335		-0.0573		-0.0176		0.0604		-0.0311		0.0271		-0.2235		
[5] ->  0.0271		-0.0061		-0.0749		-0.0236		0.0553		1.0000		0.1993		0.0176		-0.0474		0.1853		-0.1602		0.0453		-0.1006		0.1735		-0.1756		0.1731		0.0193		-0.0714		0.0689		0.1146		-0.1116		-0.0460		-0.1330		0.0110		0.0469		
[6] ->  -0.0762		0.0204		0.0885		-0.0448		-0.0648		0.1993		1.0000		-0.0674		-0.0421		-0.1195		0.2254		0.0289		0.0596		0.0762		0.0583		0.3156		0.1480		-0.0263		0.0729		0.0699		-0.0185		0.0600		0.1577		-0.1110		-0.1286		
[7] ->  0.0806		0.1159		0.1054		0.1997		-0.0956		0.0176		-0.0674		1.0000		0.2131		-0.1735		0.1245		-0.0656		-0.0874		-0.1576		0.0104		-0.2016		0.0856		0.0687		0.1312		0.1735		0.0375		0.0251		0.0569		0.0323		-0.0096		
[8] ->  0.1539		0.0119		-0.0273		0.0347		-0.0840		-0.0474		-0.0421		0.2131		1.0000		-0.1080		-0.0350		-0.1114		-0.0153		-0.2309		0.1897		-0.0101		0.0726		0.0820		-0.0070		-0.0267		0.2117		0.0152		-0.0576		0.0231		-0.1693		
[9] ->  -0.1298		0.0207		-0.1739		-0.1069		0.0596		0.1853		-0.1195		-0.1735		-0.1080		1.0000		-0.1531		0.1276		0.1984		-0.0779		0.0117		0.1046		-0.1080		0.0168		-0.0766		-0.0489		0.0185		0.2242		-0.1007		0.0320		0.0685		
[10] ->  -0.0905		0.2403		-0.1575		0.0329		-0.0834		-0.1602		0.2254		0.1245		-0.0350		-0.1531		1.0000		0.0174		-0.0542		0.0329		0.0434		0.1101		0.1309		-0.0675		0.1347		-0.0082		-0.0690		0.0629		-0.0065		-0.0180		-0.0879		
[11] ->  0.1028		0.0931		0.0035		-0.2167		-0.0387		0.0453		0.0289		-0.0656		-0.1114		0.1276		0.0174		1.0000		0.0744		0.1046		-0.1771		0.1855		-0.1586		-0.0539		0.0369		-0.0932		-0.1224		-0.2089		-0.0078		-0.0755		-0.0507		
[12] ->  0.0217		0.0716		-0.0531		-0.0590		0.0829		-0.1006		0.0596		-0.0874		-0.0153		0.1984		-0.0542		0.0744		1.0000		0.0344		0.1064		0.0012		-0.1694		-0.0660		-0.1440		0.0455		-0.2592		0.0506		-0.0370		-0.1376		-0.0890		
[13] ->  -0.0932		-0.0710		-0.0678		-0.0648		0.1532		0.1735		0.0762		-0.1576		-0.2309		-0.0779		0.0329		0.1046		0.0344		1.0000		-0.1129		0.0239		-0.1532		-0.0002		-0.1996		-0.0617		-0.0655		0.1462		-0.0432		0.1013		0.1141		
[14] ->  -0.1093		-0.1321		0.0199		-0.1140		0.0592		-0.1756		0.0583		0.0104		0.1897		0.0117		0.0434		-0.1771		0.1064		-0.1129		1.0000		-0.0215		0.0797		0.0471		-0.1198		-0.0486		-0.0152		0.0865		0.0202		0.0461		-0.1116		
[15] ->  0.0186		-0.1348		0.0439		-0.0678		0.1050		0.1731		0.3156		-0.2016		-0.0101		0.1046		0.1101		0.1855		0.0012		0.0239		-0.0215		1.0000		-0.1287		-0.0850		-0.0023		0.0038		-0.1350		0.0647		-0.0764		-0.0936		-0.0371		
[16] ->  0.0989		0.0519		0.1080		0.1290		0.0187		0.0193		0.1480		0.0856		0.0726		-0.1080		0.1309		-0.1586		-0.1694		-0.1532		0.0797		-0.1287		1.0000		-0.0746		0.2407		0.2290		-0.0556		-0.0998		0.1272		0.0080		-0.0474		
[17] ->  -0.1372		-0.0606		-0.0001		0.1950		0.0281		-0.0714		-0.0263		0.0687		0.0820		0.0168		-0.0675		-0.0539		-0.0660		-0.0002		0.0471		-0.0850		-0.0746		1.0000		-0.2953		0.0003		0.1753		0.0923		0.1082		-0.1010		-0.0352		
[18] ->  -0.0188		0.0090		-0.0735		0.0563		-0.0335		0.0689		0.0729		0.1312		-0.0070		-0.0766		0.1347		0.0369		-0.1440		-0.1996		-0.1198		-0.0023		0.2407		-0.2953		1.0000		0.0750		-0.0776		-0.0745		-0.0863		-0.0932		-0.0256		
[19] ->  0.0970		0.1899		0.0408		0.1335		-0.0573		0.1146		0.0699		0.1735		-0.0267		-0.0489		-0.0082		-0.0932		0.0455		-0.0617		-0.0486		0.0038		0.2290		0.0003		0.0750		1.0000		0.0029		0.0541		0.1212		0.0047		0.0777		
[20] ->  0.0089		0.0865		0.0183		-0.0206		-0.0176		-0.1116		-0.0185		0.0375		0.2117		0.0185		-0.0690		-0.1224		-0.2592		-0.0655		-0.0152		-0.1350		-0.0556		0.1753		-0.0776		0.0029		1.0000		0.0626		0.1051		0.1243		0.0597		
[21] ->  0.0887		-0.1109		-0.0199		0.0284		0.0604		-0.0460		0.0600		0.0251		0.0152		0.2242		0.0629		-0.2089		0.0506		0.1462		0.0865		0.0647		-0.0998		0.0923		-0.0745		0.0541		0.0626		1.0000		-0.2337		-0.0379		-0.0279		
[22] ->  -0.0532		-0.0175		0.1552		-0.0481		-0.0311		-0.1330		0.1577		0.0569		-0.0576		-0.1007		-0.0065		-0.0078		-0.0370		-0.0432		0.0202		-0.0764		0.1272		0.1082		-0.0863		0.1212		0.1051		-0.2337		1.0000		0.0098		0.1332		
[23] ->  -0.0386		0.2248		-0.0764		-0.0302		0.0271		0.0110		-0.1110		0.0323		0.0231		0.0320		-0.0180		-0.0755		-0.1376		0.1013		0.0461		-0.0936		0.0080		-0.1010		-0.0932		0.0047		0.1243		-0.0379		0.0098		1.0000		0.0868		
[24] ->  -0.0523		-0.1048		0.0988		0.0264		-0.2235		0.0469		-0.1286		-0.0096		-0.1693		0.0685		-0.0879		-0.0507		-0.0890		0.1141		-0.1116		-0.0371		-0.0474		-0.0352		-0.0256		0.0777		0.0597		-0.0279		0.1332		0.0868		1.0000		
----------------------------------
Vecinos utilizados para calcular Usuario 0 -> Item 82
[(8, 0.15392667503685742), (11, 0.10277099258066309), (16, 0.09889084433191137), (19, 0.09700107340681915), (21, 0.08865392142590996)]
Resultado prediccion: 2.1836
----------------------------------
Vecinos utilizados para calcular Usuario 1 -> Item 84
[(10, 0.24026351085353423), (23, 0.22476765118282768), (19, 0.1898937663290682), (7, 0.11586824892465632), (11, 0.09308724427702648)]
Resultado prediccion: 2.5439
----------------------------------
Vecinos utilizados para calcular Usuario 1 -> Item 85
[(10, 0.24026351085353423), (23, 0.22476765118282768), (19, 0.1898937663290682), (7, 0.11586824892465632), (11, 0.09308724427702648)]
Resultado prediccion: 3.2728
----------------------------------
Vecinos utilizados para calcular Usuario 2 -> Item 13
[(22, 0.15521427524421294), (16, 0.1080286933285002), (7, 0.10537736447975317), (24, 0.0987548904281086), (4, 0.09793955298286493)]
Resultado prediccion: 1.6328
----------------------------------
Vecinos utilizados para calcular Usuario 2 -> Item 16
[(22, 0.15521427524421294), (16, 0.1080286933285002), (7, 0.10537736447975317), (24, 0.0987548904281086), (4, 0.09793955298286493)]
Resultado prediccion: 1.5782
----------------------------------
Vecinos utilizados para calcular Usuario 2 -> Item 33
[(22, 0.15521427524421294), (16, 0.1080286933285002), (7, 0.10537736447975317), (24, 0.0987548904281086), (4, 0.09793955298286493)]
Resultado prediccion: 3.0422
----------------------------------
Vecinos utilizados para calcular Usuario 2 -> Item 90
[(22, 0.15521427524421294), (16, 0.1080286933285002), (7, 0.10537736447975317), (24, 0.0987548904281086), (4, 0.09793955298286493)]
Resultado prediccion: 3.2272
----------------------------------
Vecinos utilizados para calcular Usuario 2 -> Item 93
[(22, 0.15521427524421294), (16, 0.1080286933285002), (7, 0.10537736447975317), (24, 0.0987548904281086), (4, 0.09793955298286493)]
Resultado prediccion: 2.4749
----------------------------------
Vecinos utilizados para calcular Usuario 3 -> Item 35
[(7, 0.19966759426747244), (17, 0.1949793901986804), (19, 0.13349297118876133), (16, 0.12897498156914097), (18, 0.05630000775652517)]
Resultado prediccion: 3.5818
----------------------------------
Vecinos utilizados para calcular Usuario 3 -> Item 92
[(17, 0.1949793901986804), (19, 0.13349297118876133), (16, 0.12897498156914097), (18, 0.05630000775652517), (8, 0.03472361663600536)]
Resultado prediccion: 3.5038
----------------------------------
Vecinos utilizados para calcular Usuario 4 -> Item 5
[(13, 0.15324252846157893), (15, 0.1050018724847016), (2, 0.09793955298286493), (12, 0.082906932353565), (9, 0.05959721993647298)]
Resultado prediccion: 2.3536
----------------------------------
Vecinos utilizados para calcular Usuario 4 -> Item 28
[(13, 0.15324252846157893), (15, 0.1050018724847016), (2, 0.09793955298286493), (12, 0.082906932353565), (21, 0.06039568164611388)]
Resultado prediccion: 3.0436
----------------------------------
Vecinos utilizados para calcular Usuario 4 -> Item 53
[(13, 0.15324252846157893), (15, 0.1050018724847016), (2, 0.09793955298286493), (12, 0.082906932353565), (21, 0.06039568164611388)]
Resultado prediccion: 3.2796
----------------------------------
Vecinos utilizados para calcular Usuario 4 -> Item 55
[(13, 0.15324252846157893), (15, 0.1050018724847016), (2, 0.09793955298286493), (12, 0.082906932353565), (21, 0.06039568164611388)]
Resultado prediccion: 3.4034
----------------------------------
Vecinos utilizados para calcular Usuario 5 -> Item 37
[(6, 0.19927183055541098), (9, 0.18529461321719892), (13, 0.17350216148718997), (15, 0.17309228654191305), (19, 0.11459539901659069)]
Resultado prediccion: 1.5705
----------------------------------
Vecinos utilizados para calcular Usuario 5 -> Item 62
[(6, 0.19927183055541098), (9, 0.18529461321719892), (13, 0.17350216148718997), (15, 0.17309228654191305), (19, 0.11459539901659069)]
Resultado prediccion: 1.8276
----------------------------------
Vecinos utilizados para calcular Usuario 5 -> Item 82
[(6, 0.19927183055541098), (9, 0.18529461321719892), (13, 0.17350216148718997), (15, 0.17309228654191305), (19, 0.11459539901659069)]
Resultado prediccion: 2.4247
----------------------------------
Vecinos utilizados para calcular Usuario 5 -> Item 88
[(6, 0.19927183055541098), (9, 0.18529461321719892), (13, 0.17350216148718997), (15, 0.17309228654191305), (19, 0.11459539901659069)]
Resultado prediccion: 3.7125
----------------------------------
Vecinos utilizados para calcular Usuario 6 -> Item 46
[(15, 0.315612370646273), (10, 0.22537989793994143), (5, 0.19927183055541098), (22, 0.15773055662420143), (16, 0.14800643855866447)]
Resultado prediccion: 2.7138
----------------------------------
Vecinos utilizados para calcular Usuario 6 -> Item 55
[(15, 0.315612370646273), (10, 0.22537989793994143), (5, 0.19927183055541098), (22, 0.15773055662420143), (16, 0.14800643855866447)]
Resultado prediccion: 1.0956
----------------------------------
Vecinos utilizados para calcular Usuario 6 -> Item 57
[(15, 0.315612370646273), (10, 0.22537989793994143), (5, 0.19927183055541098), (22, 0.15773055662420143), (16, 0.14800643855866447)]
Resultado prediccion: 2.6588
----------------------------------
Vecinos utilizados para calcular Usuario 6 -> Item 67
[(15, 0.315612370646273), (10, 0.22537989793994143), (5, 0.19927183055541098), (22, 0.15773055662420143), (16, 0.14800643855866447)]
Resultado prediccion: 2.4422
----------------------------------
Vecinos utilizados para calcular Usuario 7 -> Item 4
[(8, 0.21311094156276753), (3, 0.19966759426747244), (19, 0.1735459306088009), (10, 0.12454001311061333), (1, 0.11586824892465632)]
Resultado prediccion: 2.5356
----------------------------------
Vecinos utilizados para calcular Usuario 7 -> Item 92
[(8, 0.21311094156276753), (19, 0.1735459306088009), (18, 0.13122883526448564), (10, 0.12454001311061333), (1, 0.11586824892465632)]
Resultado prediccion: 2.9931
----------------------------------
Vecinos utilizados para calcular Usuario 8 -> Item 17
[(7, 0.21311094156276753), (20, 0.21170971105628736), (14, 0.18971124898201713), (0, 0.15392667503685742), (17, 0.08200306915217351)]
Resultado prediccion: 1.6858
----------------------------------
Vecinos utilizados para calcular Usuario 8 -> Item 55
[(7, 0.21311094156276753), (20, 0.21170971105628736), (14, 0.18971124898201713), (0, 0.15392667503685742), (17, 0.08200306915217351)]
Resultado prediccion: 1.778
----------------------------------
Vecinos utilizados para calcular Usuario 8 -> Item 71
[(7, 0.21311094156276753), (20, 0.21170971105628736), (14, 0.18971124898201713), (0, 0.15392667503685742), (17, 0.08200306915217351)]
Resultado prediccion: 1.7368
----------------------------------
Vecinos utilizados para calcular Usuario 10 -> Item 23
[(1, 0.24026351085353423), (6, 0.22537989793994143), (18, 0.13469532728312258), (16, 0.13091936250144917), (7, 0.12454001311061333)]
Resultado prediccion: 2.4326
----------------------------------
Vecinos utilizados para calcular Usuario 10 -> Item 26
[(1, 0.24026351085353423), (6, 0.22537989793994143), (18, 0.13469532728312258), (16, 0.13091936250144917), (7, 0.12454001311061333)]
Resultado prediccion: 3.7031
----------------------------------
Vecinos utilizados para calcular Usuario 10 -> Item 47
[(1, 0.24026351085353423), (6, 0.22537989793994143), (18, 0.13469532728312258), (16, 0.13091936250144917), (7, 0.12454001311061333)]
Resultado prediccion: 1.4499
----------------------------------
Vecinos utilizados para calcular Usuario 10 -> Item 68
[(1, 0.24026351085353423), (6, 0.22537989793994143), (16, 0.13091936250144917), (7, 0.12454001311061333), (15, 0.11008907004883216)]
Resultado prediccion: 1.1589
----------------------------------
Vecinos utilizados para calcular Usuario 10 -> Item 78
[(1, 0.24026351085353423), (6, 0.22537989793994143), (18, 0.13469532728312258), (16, 0.13091936250144917), (7, 0.12454001311061333)]
Resultado prediccion: 2.3602
----------------------------------
Vecinos utilizados para calcular Usuario 11 -> Item 33
[(15, 0.1854504604441402), (9, 0.12757082278137843), (13, 0.10463890656483808), (0, 0.10277099258066309), (1, 0.09308724427702648)]
Resultado prediccion: 2.7678
----------------------------------
Vecinos utilizados para calcular Usuario 11 -> Item 38
[(15, 0.1854504604441402), (9, 0.12757082278137843), (13, 0.10463890656483808), (0, 0.10277099258066309), (1, 0.09308724427702648)]
Resultado prediccion: 2.6045
----------------------------------
Vecinos utilizados para calcular Usuario 11 -> Item 87
[(15, 0.1854504604441402), (9, 0.12757082278137843), (13, 0.10463890656483808), (0, 0.10277099258066309), (1, 0.09308724427702648)]
Resultado prediccion: 2.8555
----------------------------------
Vecinos utilizados para calcular Usuario 12 -> Item 19
[(9, 0.19843007292841203), (14, 0.10640582716834208), (4, 0.082906932353565), (11, 0.07443051176989567), (1, 0.07160589117307954)]
Resultado prediccion: 2.4586
----------------------------------
Vecinos utilizados para calcular Usuario 12 -> Item 26
[(9, 0.19843007292841203), (14, 0.10640582716834208), (4, 0.082906932353565), (11, 0.07443051176989567), (1, 0.07160589117307954)]
Resultado prediccion: 2.3707
----------------------------------
Vecinos utilizados para calcular Usuario 12 -> Item 33
[(9, 0.19843007292841203), (14, 0.10640582716834208), (4, 0.082906932353565), (1, 0.07160589117307954), (6, 0.05955614097142522)]
Resultado prediccion: 2.6587
----------------------------------
Vecinos utilizados para calcular Usuario 12 -> Item 45
[(9, 0.19843007292841203), (14, 0.10640582716834208), (4, 0.082906932353565), (11, 0.07443051176989567), (1, 0.07160589117307954)]
Resultado prediccion: 2.4036
----------------------------------
Vecinos utilizados para calcular Usuario 13 -> Item 6
[(5, 0.17350216148718997), (4, 0.15324252846157893), (21, 0.14623417020871846), (24, 0.11414399876728777), (11, 0.10463890656483808)]
Resultado prediccion: 2.4642
----------------------------------
Vecinos utilizados para calcular Usuario 13 -> Item 25
[(5, 0.17350216148718997), (4, 0.15324252846157893), (21, 0.14623417020871846), (24, 0.11414399876728777), (11, 0.10463890656483808)]
Resultado prediccion: 1.038
----------------------------------
Vecinos utilizados para calcular Usuario 13 -> Item 60
[(5, 0.17350216148718997), (4, 0.15324252846157893), (21, 0.14623417020871846), (24, 0.11414399876728777), (11, 0.10463890656483808)]
Resultado prediccion: 2.0709
----------------------------------
Vecinos utilizados para calcular Usuario 13 -> Item 93
[(5, 0.17350216148718997), (4, 0.15324252846157893), (21, 0.14623417020871846), (24, 0.11414399876728777), (11, 0.10463890656483808)]
Resultado prediccion: 2.1809
----------------------------------
Vecinos utilizados para calcular Usuario 14 -> Item 15
[(8, 0.18971124898201713), (12, 0.10640582716834208), (21, 0.08653370984217683), (16, 0.07971441733855411), (4, 0.05920302733800785)]
Resultado prediccion: 2.5215
----------------------------------
Vecinos utilizados para calcular Usuario 14 -> Item 30
[(8, 0.18971124898201713), (12, 0.10640582716834208), (21, 0.08653370984217683), (16, 0.07971441733855411), (4, 0.05920302733800785)]
Resultado prediccion: 1.907
----------------------------------
Vecinos utilizados para calcular Usuario 14 -> Item 58
[(8, 0.18971124898201713), (12, 0.10640582716834208), (21, 0.08653370984217683), (16, 0.07971441733855411), (4, 0.05920302733800785)]
Resultado prediccion: 2.0928
----------------------------------
Vecinos utilizados para calcular Usuario 14 -> Item 60
[(8, 0.18971124898201713), (12, 0.10640582716834208), (21, 0.08653370984217683), (4, 0.05920302733800785), (6, 0.058300541037966405)]
Resultado prediccion: 2.5949
----------------------------------
Vecinos utilizados para calcular Usuario 14 -> Item 90
[(8, 0.18971124898201713), (12, 0.10640582716834208), (21, 0.08653370984217683), (16, 0.07971441733855411), (4, 0.05920302733800785)]
Resultado prediccion: 2.232
----------------------------------
Vecinos utilizados para calcular Usuario 15 -> Item 24
[(6, 0.315612370646273), (11, 0.1854504604441402), (5, 0.17309228654191305), (10, 0.11008907004883216), (4, 0.1050018724847016)]
Resultado prediccion: 1.544
----------------------------------
Vecinos utilizados para calcular Usuario 15 -> Item 48
[(6, 0.315612370646273), (11, 0.1854504604441402), (5, 0.17309228654191305), (10, 0.11008907004883216), (4, 0.1050018724847016)]
Resultado prediccion: 3.8486
----------------------------------
Vecinos utilizados para calcular Usuario 15 -> Item 96
[(6, 0.315612370646273), (11, 0.1854504604441402), (5, 0.17309228654191305), (10, 0.11008907004883216), (4, 0.1050018724847016)]
Resultado prediccion: 1.7722
----------------------------------
Vecinos utilizados para calcular Usuario 16 -> Item 10
[(18, 0.24069228893603578), (19, 0.22896556262997428), (6, 0.14800643855866447), (10, 0.13091936250144917), (3, 0.12897498156914097)]
Resultado prediccion: 3.5135
----------------------------------
Vecinos utilizados para calcular Usuario 16 -> Item 14
[(18, 0.24069228893603578), (19, 0.22896556262997428), (6, 0.14800643855866447), (10, 0.13091936250144917), (3, 0.12897498156914097)]
Resultado prediccion: 3.671
----------------------------------
Vecinos utilizados para calcular Usuario 16 -> Item 51
[(18, 0.24069228893603578), (19, 0.22896556262997428), (6, 0.14800643855866447), (10, 0.13091936250144917), (3, 0.12897498156914097)]
Resultado prediccion: 1.3726
----------------------------------
Vecinos utilizados para calcular Usuario 16 -> Item 60
[(18, 0.24069228893603578), (19, 0.22896556262997428), (6, 0.14800643855866447), (10, 0.13091936250144917), (3, 0.12897498156914097)]
Resultado prediccion: 2.2319
----------------------------------
Vecinos utilizados para calcular Usuario 16 -> Item 96
[(18, 0.24069228893603578), (19, 0.22896556262997428), (6, 0.14800643855866447), (10, 0.13091936250144917), (3, 0.12897498156914097)]
Resultado prediccion: 2.742
----------------------------------
Vecinos utilizados para calcular Usuario 17 -> Item 0
[(3, 0.1949793901986804), (20, 0.17525678174842035), (22, 0.10815129364822106), (21, 0.09226218650571737), (8, 0.08200306915217351)]
Resultado prediccion: 3.1028
----------------------------------
Vecinos utilizados para calcular Usuario 17 -> Item 46
[(3, 0.1949793901986804), (20, 0.17525678174842035), (22, 0.10815129364822106), (21, 0.09226218650571737), (8, 0.08200306915217351)]
Resultado prediccion: 2.3624
----------------------------------
Vecinos utilizados para calcular Usuario 17 -> Item 65
[(3, 0.1949793901986804), (20, 0.17525678174842035), (22, 0.10815129364822106), (21, 0.09226218650571737), (8, 0.08200306915217351)]
Resultado prediccion: 2.8044
----------------------------------
Vecinos utilizados para calcular Usuario 18 -> Item 4
[(16, 0.24069228893603578), (10, 0.13469532728312258), (19, 0.07497675342315258), (6, 0.07285569402133729), (5, 0.06893336325593101)]
Resultado prediccion: 2.9302
----------------------------------
Vecinos utilizados para calcular Usuario 18 -> Item 68
[(16, 0.24069228893603578), (7, 0.13122883526448564), (19, 0.07497675342315258), (6, 0.07285569402133729), (5, 0.06893336325593101)]
Resultado prediccion: 1.5779
----------------------------------
Vecinos utilizados para calcular Usuario 18 -> Item 81
[(16, 0.24069228893603578), (10, 0.13469532728312258), (7, 0.13122883526448564), (19, 0.07497675342315258), (6, 0.07285569402133729)]
Resultado prediccion: 3.7314
----------------------------------
Vecinos utilizados para calcular Usuario 18 -> Item 85
[(16, 0.24069228893603578), (10, 0.13469532728312258), (7, 0.13122883526448564), (19, 0.07497675342315258), (6, 0.07285569402133729)]
Resultado prediccion: 2.3656
----------------------------------
Vecinos utilizados para calcular Usuario 18 -> Item 99
[(16, 0.24069228893603578), (10, 0.13469532728312258), (7, 0.13122883526448564), (19, 0.07497675342315258), (6, 0.07285569402133729)]
Resultado prediccion: 1.5756
----------------------------------
Vecinos utilizados para calcular Usuario 20 -> Item 29
[(8, 0.21170971105628736), (17, 0.17525678174842035), (23, 0.12432591234008156), (22, 0.10506279038294426), (1, 0.08648320035604852)]
Resultado prediccion: 1.5976
----------------------------------
Vecinos utilizados para calcular Usuario 20 -> Item 54
[(8, 0.21170971105628736), (17, 0.17525678174842035), (23, 0.12432591234008156), (22, 0.10506279038294426), (1, 0.08648320035604852)]
Resultado prediccion: 1.5033
----------------------------------
Vecinos utilizados para calcular Usuario 20 -> Item 68
[(8, 0.21170971105628736), (17, 0.17525678174842035), (23, 0.12432591234008156), (22, 0.10506279038294426), (1, 0.08648320035604852)]
Resultado prediccion: 2.0607
----------------------------------
Vecinos utilizados para calcular Usuario 20 -> Item 99
[(8, 0.21170971105628736), (17, 0.17525678174842035), (23, 0.12432591234008156), (22, 0.10506279038294426), (1, 0.08648320035604852)]
Resultado prediccion: 3.3277
----------------------------------
Vecinos utilizados para calcular Usuario 21 -> Item 5
[(9, 0.22416276917199454), (13, 0.14623417020871846), (17, 0.09226218650571737), (0, 0.08865392142590996), (14, 0.08653370984217683)]
Resultado prediccion: 2.8071
----------------------------------
Vecinos utilizados para calcular Usuario 21 -> Item 9
[(9, 0.22416276917199454), (13, 0.14623417020871846), (17, 0.09226218650571737), (0, 0.08865392142590996), (14, 0.08653370984217683)]
Resultado prediccion: 2.06
----------------------------------
Vecinos utilizados para calcular Usuario 22 -> Item 59
[(6, 0.15773055662420143), (2, 0.15521427524421294), (24, 0.13316012240249644), (16, 0.12720774973596477), (19, 0.12117449959345845)]
Resultado prediccion: 4.2013
----------------------------------
Vecinos utilizados para calcular Usuario 23 -> Item 49
[(1, 0.22476765118282768), (20, 0.12432591234008156), (13, 0.10133602902249692), (24, 0.08681495455656077), (14, 0.04609273243722986)]
Resultado prediccion: 4.0287
--- MATRIZ CON LAS PREDICCIONES ---
[0] ->  0.00		4.00		5.00		5.00		0.00		2.00		5.00		5.00		0.00		2.00		5.00		2.00		0.00		3.00		0.00		0.00		2.00		3.00		1.00		3.00		4.00		5.00		2.00		0.00		2.00		4.00		1.00		5.00		0.00		3.00		5.00		3.00		1.00		4.00		3.00		4.00		0.00		3.00		2.00		4.00		3.00		1.00		5.00		1.00		2.00		3.00		4.00		1.00		5.00		4.00		0.00		3.00		1.00		5.00		2.00		2.00		1.00		2.00		3.00		1.00		5.00		1.00		5.00		3.00		1.00		5.00		2.00		4.00		2.00		3.00		4.00		5.00		2.00		0.00		5.00		3.00		5.00		0.00		5.00		4.00		5.00		2.00		2.18		0.00		1.00		1.00		5.00		1.00		4.00		4.00		4.00		4.00		3.00		4.00		2.00		3.00		5.00		0.00		4.00		2.00		
[1] ->  4.00		3.00		1.00		4.00		0.00		5.00		3.00		2.00		4.00		4.00		1.00		0.00		4.00		5.00		3.00		3.00		2.00		1.00		2.00		2.00		0.00		0.00		5.00		2.00		0.00		2.00		5.00		3.00		1.00		0.00		1.00		4.00		4.00		0.00		1.00		3.00		1.00		2.00		2.00		4.00		3.00		5.00		0.00		3.00		5.00		5.00		0.00		0.00		2.00		5.00		0.00		3.00		0.00		1.00		1.00		2.00		2.00		5.00		3.00		5.00		4.00		0.00		1.00		1.00		5.00		0.00		3.00		2.00		1.00		1.00		5.00		2.00		3.00		3.00		0.00		5.00		5.00		3.00		1.00		5.00		2.00		3.00		3.00		5.00		2.54		3.27		2.00		4.00		3.00		4.00		1.00		2.00		1.00		1.00		3.00		3.00		3.00		1.00		2.00		2.00		
[2] ->  4.00		2.00		4.00		1.00		3.00		1.00		5.00		0.00		0.00		5.00		3.00		3.00		1.00		1.63		4.00		5.00		1.58		3.00		0.00		0.00		1.00		1.00		3.00		5.00		1.00		4.00		5.00		3.00		4.00		1.00		4.00		5.00		0.00		3.04		2.00		3.00		3.00		5.00		3.00		5.00		1.00		5.00		5.00		2.00		3.00		0.00		4.00		0.00		5.00		1.00		4.00		2.00		3.00		3.00		3.00		3.00		0.00		0.00		5.00		4.00		3.00		5.00		4.00		4.00		2.00		2.00		5.00		2.00		1.00		4.00		0.00		3.00		0.00		5.00		0.00		3.00		5.00		1.00		3.00		2.00		5.00		4.00		1.00		1.00		0.00		0.00		1.00		0.00		0.00		1.00		3.23		0.00		4.00		2.47		5.00		2.00		0.00		5.00		5.00		5.00		
[3] ->  3.00		5.00		2.00		5.00		5.00		0.00		3.00		4.00		1.00		3.00		4.00		3.00		4.00		0.00		3.00		3.00		1.00		1.00		1.00		0.00		4.00		1.00		4.00		0.00		0.00		0.00		5.00		0.00		0.00		2.00		5.00		1.00		5.00		2.00		4.00		3.58		3.00		1.00		3.00		0.00		2.00		2.00		2.00		0.00		0.00		1.00		1.00		1.00		0.00		0.00		4.00		2.00		5.00		1.00		3.00		0.00		3.00		4.00		2.00		3.00		4.00		1.00		1.00		2.00		5.00		3.00		0.00		3.00		3.00		5.00		3.00		0.00		0.00		4.00		5.00		1.00		3.00		4.00		4.00		3.00		4.00		5.00		2.00		3.00		5.00		3.00		4.00		1.00		4.00		1.00		1.00		3.00		3.50		5.00		0.00		2.00		4.00		4.00		0.00		4.00		
[4] ->  5.00		4.00		3.00		3.00		5.00		2.35		1.00		1.00		5.00		4.00		1.00		1.00		3.00		3.00		3.00		3.00		4.00		0.00		3.00		2.00		4.00		4.00		3.00		3.00		0.00		1.00		0.00		1.00		3.04		0.00		5.00		5.00		0.00		4.00		3.00		1.00		2.00		2.00		2.00		5.00		2.00		0.00		4.00		5.00		2.00		0.00		4.00		2.00		2.00		0.00		1.00		5.00		2.00		3.28		4.00		3.40		3.00		0.00		4.00		1.00		0.00		4.00		1.00		4.00		2.00		0.00		0.00		0.00		4.00		2.00		4.00		2.00		0.00		4.00		3.00		2.00		3.00		2.00		0.00		0.00		0.00		3.00		3.00		3.00		4.00		2.00		1.00		0.00		1.00		2.00		5.00		2.00		1.00		1.00		1.00		5.00		5.00		3.00		5.00		1.00		
[5] ->  0.00		3.00		1.00		4.00		4.00		0.00		3.00		2.00		3.00		3.00		4.00		4.00		4.00		3.00		2.00		3.00		4.00		2.00		4.00		0.00		2.00		5.00		1.00		3.00		0.00		0.00		1.00		5.00		0.00		4.00		1.00		1.00		2.00		0.00		5.00		1.00		5.00		1.57		2.00		5.00		4.00		2.00		1.00		4.00		5.00		3.00		4.00		3.00		4.00		5.00		0.00		2.00		5.00		4.00		0.00		1.00		2.00		2.00		3.00		2.00		2.00		4.00		1.83		4.00		1.00		0.00		4.00		5.00		3.00		5.00		0.00		2.00		3.00		2.00		2.00		2.00		1.00		3.00		2.00		5.00		5.00		3.00		2.42		3.00		4.00		3.00		0.00		2.00		3.71		1.00		3.00		0.00		3.00		0.00		1.00		5.00		5.00		0.00		0.00		0.00		
[6] ->  2.00		0.00		3.00		3.00		5.00		0.00		4.00		3.00		1.00		1.00		2.00		0.00		4.00		3.00		3.00		4.00		2.00		3.00		5.00		2.00		0.00		4.00		2.00		3.00		2.00		1.00		4.00		5.00		4.00		4.00		4.00		1.00		1.00		2.00		0.00		3.00		4.00		0.00		3.00		5.00		4.00		3.00		3.00		4.00		4.00		3.00		2.71		1.00		4.00		1.00		5.00		3.00		5.00		3.00		3.00		1.10		4.00		2.66		1.00		5.00		4.00		5.00		0.00		5.00		2.00		1.00		4.00		2.44		0.00		2.00		2.00		1.00		3.00		1.00		3.00		0.00		4.00		1.00		1.00		5.00		5.00		1.00		2.00		5.00		4.00		3.00		5.00		4.00		3.00		1.00		2.00		5.00		3.00		1.00		3.00		3.00		0.00		0.00		5.00		2.00		
[7] ->  1.00		5.00		2.00		5.00		2.54		0.00		2.00		2.00		1.00		5.00		3.00		2.00		0.00		2.00		5.00		0.00		1.00		1.00		0.00		1.00		1.00		0.00		1.00		1.00		4.00		4.00		0.00		1.00		0.00		0.00		1.00		3.00		2.00		1.00		2.00		5.00		0.00		0.00		1.00		1.00		0.00		5.00		4.00		3.00		4.00		1.00		0.00		5.00		4.00		1.00		2.00		4.00		2.00		1.00		3.00		0.00		4.00		2.00		5.00		2.00		5.00		2.00		4.00		2.00		4.00		0.00		2.00		3.00		0.00		4.00		1.00		0.00		4.00		5.00		2.00		1.00		5.00		5.00		5.00		5.00		4.00		5.00		3.00		0.00		0.00		5.00		4.00		5.00		2.00		0.00		2.00		1.00		2.99		2.00		0.00		2.00		2.00		3.00		3.00		0.00		
[8] ->  3.00		5.00		4.00		4.00		2.00		2.00		2.00		1.00		0.00		5.00		4.00		3.00		0.00		4.00		2.00		2.00		0.00		1.69		2.00		4.00		4.00		1.00		3.00		3.00		4.00		2.00		0.00		2.00		0.00		1.00		2.00		5.00		5.00		5.00		3.00		0.00		3.00		0.00		5.00		0.00		4.00		1.00		5.00		4.00		3.00		1.00		4.00		3.00		1.00		4.00		1.00		0.00		0.00		3.00		1.00		1.78		1.00		1.00		1.00		5.00		2.00		5.00		3.00		0.00		1.00		0.00		3.00		2.00		3.00		4.00		5.00		1.74		5.00		0.00		1.00		1.00		5.00		5.00		5.00		5.00		4.00		3.00		0.00		3.00		2.00		3.00		5.00		5.00		1.00		1.00		1.00		5.00		4.00		5.00		3.00		4.00		2.00		1.00		3.00		4.00		
[9] ->  5.00		3.00		0.00		0.00		0.00		5.00		2.00		2.00		5.00		2.00		3.00		4.00		2.00		3.00		5.00		3.00		2.00		2.00		5.00		2.00		5.00		3.00		3.00		3.00		4.00		1.00		2.00		5.00		1.00		5.00		1.00		1.00		3.00		2.00		5.00		0.00		1.00		0.00		2.00		4.00		3.00		0.00		1.00		2.00		1.00		3.00		2.00		4.00		1.00		1.00		0.00		1.00		4.00		4.00		2.00		3.00		2.00		3.00		3.00		0.00		4.00		1.00		4.00		5.00		1.00		0.00		4.00		2.00		1.00		2.00		4.00		3.00		1.00		2.00		1.00		4.00		3.00		1.00		1.00		0.00		1.00		2.00		3.00		2.00		5.00		4.00		1.00		3.00		5.00		0.00		2.00		0.00		3.00		2.00		4.00		3.00		1.00		3.00		0.00		1.00		
[10] ->  1.00		3.00		4.00		2.00		4.00		2.00		2.00		3.00		2.00		3.00		3.00		0.00		5.00		2.00		4.00		5.00		0.00		5.00		5.00		4.00		2.00		5.00		1.00		2.43		0.00		4.00		3.70		0.00		1.00		0.00		1.00		2.00		1.00		3.00		0.00		4.00		4.00		0.00		0.00		2.00		1.00		4.00		2.00		2.00		1.00		5.00		0.00		1.45		3.00		1.00		0.00		2.00		0.00		0.00		2.00		0.00		4.00		3.00		4.00		5.00		3.00		3.00		1.00		3.00		5.00		4.00		2.00		0.00		1.16		2.00		5.00		0.00		4.00		2.00		3.00		3.00		3.00		3.00		2.36		3.00		4.00		1.00		5.00		1.00		4.00		5.00		2.00		4.00		3.00		5.00		0.00		5.00		1.00		0.00		5.00		0.00		0.00		1.00		3.00		3.00		
[11] ->  1.00		3.00		2.00		0.00		4.00		5.00		3.00		2.00		2.00		3.00		2.00		2.00		3.00		1.00		0.00		3.00		5.00		1.00		2.00		1.00		1.00		4.00		0.00		2.00		4.00		4.00		4.00		4.00		5.00		2.00		2.00		0.00		2.00		2.77		5.00		0.00		1.00		1.00		2.60		3.00		5.00		3.00		1.00		5.00		5.00		3.00		2.00		2.00		5.00		5.00		0.00		3.00		0.00		5.00		0.00		5.00		3.00		4.00		4.00		0.00		4.00		2.00		2.00		4.00		1.00		3.00		0.00		5.00		0.00		2.00		4.00		4.00		0.00		2.00		2.00		1.00		5.00		2.00		2.00		4.00		0.00		5.00		5.00		0.00		4.00		4.00		1.00		2.86		2.00		3.00		1.00		3.00		1.00		3.00		5.00		0.00		1.00		2.00		5.00		5.00		
[12] ->  5.00		4.00		2.00		3.00		3.00		5.00		0.00		2.00		5.00		4.00		1.00		0.00		1.00		4.00		5.00		4.00		2.00		5.00		3.00		2.46		4.00		2.00		0.00		2.00		1.00		2.00		2.37		4.00		3.00		0.00		3.00		0.00		4.00		2.66		1.00		5.00		1.00		1.00		4.00		2.00		0.00		1.00		1.00		2.00		5.00		2.40		5.00		4.00		5.00		0.00		4.00		1.00		0.00		4.00		2.00		3.00		0.00		3.00		0.00		0.00		4.00		0.00		0.00		4.00		0.00		2.00		2.00		3.00		1.00		1.00		2.00		5.00		0.00		1.00		1.00		0.00		5.00		2.00		3.00		1.00		2.00		0.00		0.00		5.00		5.00		3.00		4.00		3.00		5.00		4.00		4.00		1.00		4.00		1.00		3.00		1.00		5.00		3.00		2.00		4.00		
[13] ->  0.00		0.00		3.00		3.00		5.00		1.00		2.46		2.00		4.00		1.00		0.00		1.00		4.00		3.00		3.00		1.00		5.00		1.00		0.00		5.00		1.00		2.00		4.00		3.00		0.00		1.04		0.00		2.00		3.00		3.00		4.00		0.00		5.00		1.00		2.00		0.00		5.00		5.00		2.00		3.00		1.00		4.00		1.00		2.00		3.00		5.00		3.00		2.00		5.00		2.00		1.00		5.00		3.00		2.00		1.00		5.00		2.00		1.00		4.00		1.00		2.07		5.00		0.00		5.00		0.00		5.00		1.00		3.00		5.00		2.00		4.00		1.00		0.00		2.00		3.00		0.00		1.00		4.00		3.00		0.00		3.00		0.00		4.00		2.00		4.00		2.00		1.00		5.00		4.00		2.00		0.00		0.00		3.00		2.18		4.00		4.00		4.00		3.00		4.00		1.00		
[14] ->  5.00		0.00		1.00		1.00		5.00		4.00		0.00		0.00		1.00		2.00		1.00		4.00		0.00		4.00		5.00		2.52		4.00		4.00		5.00		5.00		5.00		0.00		1.00		0.00		5.00		5.00		2.00		2.00		1.00		1.00		1.91		4.00		3.00		5.00		0.00		2.00		3.00		5.00		3.00		2.00		1.00		0.00		5.00		4.00		3.00		1.00		0.00		4.00		3.00		2.00		5.00		4.00		3.00		2.00		4.00		3.00		2.00		4.00		2.09		4.00		2.59		5.00		3.00		2.00		1.00		1.00		2.00		0.00		1.00		5.00		2.00		2.00		4.00		0.00		1.00		5.00		0.00		2.00		4.00		4.00		4.00		3.00		3.00		3.00		5.00		4.00		5.00		0.00		5.00		3.00		2.23		5.00		5.00		1.00		5.00		5.00		3.00		2.00		4.00		4.00		
[15] ->  1.00		2.00		4.00		0.00		5.00		2.00		0.00		5.00		4.00		0.00		5.00		0.00		1.00		1.00		0.00		5.00		3.00		2.00		5.00		0.00		2.00		5.00		3.00		4.00		1.54		3.00		4.00		3.00		4.00		5.00		1.00		2.00		1.00		5.00		1.00		1.00		0.00		2.00		4.00		5.00		4.00		4.00		4.00		4.00		1.00		1.00		5.00		1.00		3.85		1.00		2.00		0.00		1.00		5.00		0.00		2.00		1.00		4.00		4.00		4.00		5.00		5.00		2.00		4.00		3.00		1.00		1.00		2.00		3.00		4.00		3.00		3.00		3.00		2.00		5.00		1.00		1.00		3.00		0.00		3.00		4.00		1.00		1.00		3.00		4.00		5.00		2.00		2.00		4.00		1.00		1.00		1.00		2.00		1.00		4.00		5.00		1.77		2.00		4.00		3.00		
[16] ->  5.00		2.00		1.00		5.00		2.00		0.00		3.00		4.00		0.00		5.00		3.51		0.00		3.00		1.00		3.67		2.00		0.00		5.00		4.00		3.00		3.00		4.00		2.00		2.00		1.00		1.00		3.00		4.00		4.00		2.00		0.00		5.00		2.00		1.00		3.00		3.00		4.00		5.00		0.00		4.00		4.00		2.00		4.00		1.00		4.00		3.00		1.00		3.00		0.00		2.00		5.00		1.37		3.00		1.00		2.00		0.00		5.00		3.00		4.00		5.00		2.23		5.00		4.00		5.00		3.00		0.00		4.00		2.00		3.00		4.00		5.00		3.00		0.00		1.00		1.00		3.00		3.00		4.00		3.00		2.00		3.00		5.00		3.00		0.00		1.00		0.00		4.00		0.00		5.00		4.00		1.00		5.00		4.00		5.00		0.00		2.00		2.74		0.00		5.00		2.00		
[17] ->  3.10		1.00		2.00		2.00		5.00		0.00		3.00		0.00		3.00		4.00		5.00		4.00		2.00		5.00		4.00		5.00		4.00		0.00		0.00		0.00		4.00		0.00		4.00		0.00		5.00		5.00		0.00		2.00		2.00		4.00		2.00		3.00		5.00		3.00		2.00		2.00		4.00		2.00		4.00		3.00		5.00		0.00		1.00		1.00		0.00		0.00		2.36		4.00		5.00		0.00		1.00		3.00		4.00		0.00		1.00		0.00		3.00		0.00		2.00		5.00		4.00		0.00		0.00		1.00		3.00		2.80		3.00		2.00		0.00		2.00		2.00		4.00		0.00		4.00		5.00		3.00		0.00		4.00		2.00		0.00		0.00		5.00		2.00		5.00		2.00		2.00		2.00		5.00		2.00		3.00		1.00		5.00		3.00		4.00		1.00		1.00		1.00		1.00		3.00		3.00		
[18] ->  1.00		4.00		0.00		3.00		2.93		4.00		3.00		4.00		2.00		1.00		4.00		0.00		5.00		0.00		3.00		1.00		4.00		0.00		5.00		3.00		3.00		5.00		0.00		4.00		2.00		1.00		5.00		5.00		3.00		2.00		1.00		4.00		0.00		4.00		4.00		2.00		3.00		1.00		1.00		1.00		0.00		4.00		4.00		2.00		4.00		1.00		2.00		0.00		1.00		3.00		4.00		1.00		2.00		0.00		5.00		0.00		5.00		5.00		2.00		1.00		0.00		5.00		4.00		1.00		5.00		2.00		5.00		3.00		1.58		4.00		2.00		5.00		4.00		4.00		2.00		1.00		5.00		2.00		4.00		3.00		2.00		3.73		5.00		1.00		2.00		2.37		2.00		5.00		2.00		2.00		0.00		4.00		5.00		2.00		1.00		2.00		5.00		1.00		3.00		1.58		
[19] ->  1.00		0.00		0.00		3.00		1.00		0.00		1.00		3.00		2.00		3.00		4.00		0.00		1.00		5.00		5.00		2.00		4.00		3.00		1.00		5.00		0.00		5.00		4.00		0.00		1.00		0.00		5.00		3.00		0.00		1.00		2.00		0.00		3.00		0.00		3.00		5.00		3.00		1.00		4.00		5.00		0.00		2.00		4.00		0.00		2.00		2.00		4.00		3.00		0.00		3.00		1.00		0.00		2.00		0.00		2.00		3.00		1.00		5.00		5.00		5.00		2.00		0.00		4.00		3.00		3.00		0.00		0.00		5.00		0.00		5.00		2.00		4.00		2.00		3.00		2.00		1.00		3.00		4.00		0.00		3.00		3.00		5.00		2.00		2.00		1.00		0.00		5.00		1.00		2.00		3.00		1.00		3.00		3.00		0.00		0.00		2.00		3.00		4.00		4.00		0.00		
[20] ->  4.00		0.00		2.00		4.00		3.00		3.00		4.00		0.00		3.00		1.00		3.00		4.00		5.00		4.00		2.00		2.00		1.00		0.00		4.00		4.00		0.00		0.00		5.00		0.00		4.00		3.00		4.00		3.00		1.00		1.60		3.00		3.00		5.00		5.00		2.00		4.00		1.00		0.00		2.00		5.00		3.00		0.00		2.00		1.00		2.00		0.00		3.00		1.00		1.00		4.00		1.00		2.00		2.00		0.00		1.50		3.00		1.00		0.00		3.00		4.00		4.00		4.00		5.00		3.00		0.00		5.00		4.00		0.00		2.06		1.00		4.00		0.00		5.00		3.00		3.00		2.00		3.00		5.00		3.00		4.00		0.00		3.00		1.00		0.00		0.00		1.00		0.00		4.00		1.00		0.00		5.00		4.00		2.00		4.00		1.00		3.00		1.00		2.00		1.00		3.33		
[21] ->  3.00		0.00		4.00		1.00		1.00		2.81		1.00		3.00		0.00		2.06		5.00		4.00		3.00		5.00		5.00		2.00		3.00		1.00		3.00		2.00		4.00		2.00		4.00		4.00		4.00		1.00		2.00		1.00		0.00		4.00		0.00		2.00		3.00		2.00		1.00		3.00		3.00		1.00		5.00		5.00		1.00		1.00		4.00		0.00		0.00		2.00		3.00		2.00		4.00		1.00		1.00		5.00		1.00		3.00		4.00		3.00		4.00		3.00		4.00		3.00		3.00		3.00		1.00		4.00		1.00		4.00		5.00		3.00		4.00		2.00		3.00		1.00		3.00		4.00		3.00		1.00		5.00		0.00		4.00		1.00		3.00		0.00		2.00		2.00		5.00		5.00		3.00		2.00		5.00		4.00		2.00		3.00		4.00		4.00		2.00		5.00		3.00		4.00		3.00		0.00		
[22] ->  2.00		0.00		2.00		4.00		1.00		0.00		5.00		4.00		5.00		0.00		4.00		3.00		3.00		2.00		5.00		3.00		0.00		1.00		1.00		5.00		2.00		2.00		0.00		2.00		5.00		3.00		3.00		0.00		3.00		2.00		5.00		4.00		1.00		4.00		1.00		4.00		3.00		4.00		1.00		3.00		5.00		4.00		0.00		0.00		4.00		2.00		2.00		5.00		2.00		2.00		4.00		1.00		5.00		0.00		2.00		2.00		2.00		0.00		2.00		4.20		4.00		5.00		1.00		4.00		1.00		0.00		1.00		4.00		1.00		3.00		5.00		5.00		3.00		5.00		0.00		1.00		2.00		1.00		1.00		5.00		1.00		5.00		1.00		3.00		1.00		0.00		4.00		2.00		3.00		3.00		4.00		3.00		0.00		1.00		5.00		1.00		1.00		4.00		5.00		4.00		
[23] ->  3.00		1.00		1.00		4.00		0.00		2.00		1.00		2.00		5.00		4.00		0.00		3.00		0.00		1.00		2.00		3.00		3.00		0.00		0.00		4.00		1.00		3.00		3.00		0.00		1.00		3.00		5.00		0.00		1.00		0.00		2.00		4.00		4.00		1.00		5.00		2.00		1.00		3.00		1.00		3.00		3.00		3.00		4.00		1.00		2.00		3.00		0.00		2.00		2.00		4.03		1.00		5.00		2.00		3.00		3.00		5.00		4.00		2.00		1.00		4.00		1.00		3.00		1.00		4.00		2.00		4.00		4.00		1.00		5.00		2.00		4.00		5.00		4.00		1.00		2.00		4.00		1.00		2.00		2.00		4.00		3.00		3.00		1.00		1.00		3.00		3.00		3.00		4.00		3.00		0.00		2.00		0.00		1.00		0.00		1.00		5.00		0.00		0.00		0.00		3.00		
[24] ->  5.00		2.00		2.00		2.00		1.00		1.00		5.00		0.00		5.00		1.00		5.00		3.00		0.00		0.00		3.00		1.00		4.00		2.00		0.00		2.00		1.00		3.00		3.00		3.00		1.00		0.00		5.00		1.00		5.00		2.00		3.00		0.00		4.00		5.00		4.00		5.00		3.00		4.00		2.00		1.00		2.00		5.00		1.00		0.00		0.00		2.00		2.00		2.00		3.00		5.00		1.00		0.00		5.00		0.00		1.00		2.00		2.00		3.00		3.00		2.00		2.00		3.00		2.00		4.00		0.00		2.00		4.00		4.00		2.00		4.00		0.00		3.00		5.00		0.00		2.00		4.00		0.00		3.00		5.00		1.00		3.00		1.00		4.00		1.00		2.00		4.00		1.00		3.00		5.00		3.00		4.00		0.00		1.00		4.00		2.00		1.00		0.00		5.00		4.00		0.00		
