1. Metrica empleada: euclidea
2. Metodo de prediccion: simple
3. Numero de vecinos: 5
Usando euclidea
---------------------
MATRIZ DE SIMILITUDES
[0] ->  0.0000		9.0554		12.5300		10.3923		11.7898		11.1803		9.5394		12.2066		8.8882		11.2694		
[1] ->  9.0554		0.0000		10.2956		9.7980		11.3578		9.2195		9.3274		8.4853		10.7238		10.9545		
[2] ->  12.5300		10.2956		0.0000		10.4881		12.0000		12.7671		11.7473		9.5394		10.1980		12.4900		
[3] ->  10.3923		9.7980		10.4881		0.0000		10.4403		11.1803		8.6023		9.5394		9.6954		10.3923		
[4] ->  11.7898		11.3578		12.0000		10.4403		0.0000		12.0416		12.6491		11.3578		10.9545		10.5830		
[5] ->  11.1803		9.2195		12.7671		11.1803		12.0416		0.0000		10.1489		12.4900		8.1854		10.0499		
[6] ->  9.5394		9.3274		11.7473		8.6023		12.6491		10.1489		0.0000		11.4455		10.8167		10.1489		
[7] ->  12.2066		8.4853		9.5394		9.5394		11.3578		12.4900		11.4455		0.0000		13.0384		11.0905		
[8] ->  8.8882		10.7238		10.1980		9.6954		10.9545		8.1854		10.8167		13.0384		0.0000		10.7703		
[9] ->  11.2694		10.9545		12.4900		10.3923		10.5830		10.0499		10.1489		11.0905		10.7703		0.0000		
----------------------------------
Vecinos utilizados para calcular Usuario 0 -> Item 21
[(8, 8.888194417315589), (1, 9.055385138137417), (6, 9.539392014169456), (3, 10.392304845413264), (5, 11.180339887498949)]
Resultado prediccion: 2.4475
----------------------------------
Vecinos utilizados para calcular Usuario 1 -> Item 9
[(7, 8.48528137423857), (0, 9.055385138137417), (5, 9.219544457292887), (6, 9.327379053088816), (3, 9.797958971132712)]
Resultado prediccion: 4.2479
----------------------------------
Vecinos utilizados para calcular Usuario 1 -> Item 12
[(7, 8.48528137423857), (0, 9.055385138137417), (5, 9.219544457292887), (6, 9.327379053088816), (3, 9.797958971132712)]
Resultado prediccion: 1.6028
----------------------------------
Vecinos utilizados para calcular Usuario 1 -> Item 19
[(7, 8.48528137423857), (0, 9.055385138137417), (5, 9.219544457292887), (6, 9.327379053088816), (3, 9.797958971132712)]
Resultado prediccion: 2.2035
----------------------------------
Vecinos utilizados para calcular Usuario 1 -> Item 23
[(7, 8.48528137423857), (0, 9.055385138137417), (5, 9.219544457292887), (6, 9.327379053088816), (2, 10.295630140987)]
Resultado prediccion: 2.4513
----------------------------------
Vecinos utilizados para calcular Usuario 2 -> Item 14
[(7, 9.539392014169456), (8, 10.198039027185569), (1, 10.295630140987), (3, 10.488088481701515), (4, 12.0)]
Resultado prediccion: 2.324
----------------------------------
Vecinos utilizados para calcular Usuario 2 -> Item 17
[(7, 9.539392014169456), (8, 10.198039027185569), (1, 10.295630140987), (3, 10.488088481701515), (6, 11.74734012447073)]
Resultado prediccion: 3.3687
----------------------------------
Vecinos utilizados para calcular Usuario 3 -> Item 7
[(7, 9.539392014169456), (8, 9.695359714832659), (1, 9.797958971132712), (0, 10.392304845413264), (9, 10.392304845413264)]
Resultado prediccion: 1.4032
----------------------------------
Vecinos utilizados para calcular Usuario 3 -> Item 23
[(6, 8.602325267042627), (7, 9.539392014169456), (8, 9.695359714832659), (0, 10.392304845413264), (9, 10.392304845413264)]
Resultado prediccion: 2.8231
----------------------------------
Vecinos utilizados para calcular Usuario 4 -> Item 20
[(3, 10.44030650891055), (9, 10.583005244258363), (8, 10.954451150103322), (1, 11.357816691600547), (7, 11.357816691600547)]
Resultado prediccion: 1.9805
----------------------------------
Vecinos utilizados para calcular Usuario 6 -> Item 7
[(1, 9.327379053088816), (0, 9.539392014169456), (5, 10.14889156509222), (9, 10.14889156509222), (8, 10.816653826391969)]
Resultado prediccion: 1.6225
----------------------------------
Vecinos utilizados para calcular Usuario 6 -> Item 14
[(3, 8.602325267042627), (1, 9.327379053088816), (0, 9.539392014169456), (5, 10.14889156509222), (9, 10.14889156509222)]
Resultado prediccion: 1.3774
----------------------------------
Vecinos utilizados para calcular Usuario 6 -> Item 20
[(3, 8.602325267042627), (1, 9.327379053088816), (0, 9.539392014169456), (5, 10.14889156509222), (9, 10.14889156509222)]
Resultado prediccion: 2.6487
----------------------------------
Vecinos utilizados para calcular Usuario 7 -> Item 4
[(1, 8.48528137423857), (2, 9.539392014169456), (3, 9.539392014169456), (9, 11.090536506409418), (4, 11.357816691600547)]
Resultado prediccion: 1.2819
----------------------------------
Vecinos utilizados para calcular Usuario 7 -> Item 21
[(1, 8.48528137423857), (2, 9.539392014169456), (3, 9.539392014169456), (9, 11.090536506409418), (4, 11.357816691600547)]
Resultado prediccion: 2.491
----------------------------------
Vecinos utilizados para calcular Usuario 8 -> Item 13
[(5, 8.18535277187245), (0, 8.888194417315589), (3, 9.695359714832659), (2, 10.198039027185569), (1, 10.723805294763608)]
Resultado prediccion: 3.1965
----------------------------------
Vecinos utilizados para calcular Usuario 8 -> Item 19
[(5, 8.18535277187245), (0, 8.888194417315589), (3, 9.695359714832659), (2, 10.198039027185569), (9, 10.770329614269007)]
Resultado prediccion: 2.0351
--- MATRIZ CON LAS PREDICCIONES ---
[0] ->  3.00		5.00		0.00		1.00		4.00		5.00		5.00		1.00		2.00		4.00		0.00		0.00		1.00		4.00		1.00		3.00		2.00		4.00		1.00		1.00		5.00		2.45		5.00		2.00		0.00		
[1] ->  4.00		5.00		1.00		3.00		4.00		2.00		0.00		1.00		4.00		4.25		0.00		2.00		1.60		2.00		0.00		1.00		4.00		5.00		3.00		2.20		1.00		0.00		5.00		2.45		0.00		
[2] ->  2.00		5.00		1.00		1.00		1.00		3.00		2.00		4.00		5.00		3.00		4.00		1.00		1.00		3.00		2.32		1.00		5.00		3.37		5.00		5.00		4.00		1.00		1.00		5.00		5.00		
[3] ->  3.00		5.00		1.00		4.00		1.00		2.00		3.00		1.40		5.00		5.00		2.00		5.00		1.00		5.00		3.00		2.00		3.00		3.00		1.00		3.00		1.00		5.00		5.00		2.82		3.00		
[4] ->  5.00		1.00		0.00		3.00		0.00		0.00		5.00		0.00		4.00		2.00		3.00		1.00		5.00		4.00		5.00		4.00		2.00		5.00		3.00		3.00		1.98		3.00		3.00		5.00		0.00		
[5] ->  2.00		4.00		3.00		3.00		0.00		0.00		0.00		2.00		0.00		5.00		2.00		0.00		4.00		2.00		1.00		5.00		3.00		4.00		3.00		1.00		3.00		2.00		5.00		0.00		2.00		
[6] ->  1.00		5.00		1.00		5.00		1.00		5.00		1.00		1.62		5.00		5.00		0.00		2.00		1.00		1.00		1.38		5.00		0.00		3.00		1.00		3.00		2.65		2.00		5.00		2.00		3.00		
[7] ->  4.00		1.00		1.00		3.00		1.28		2.00		1.00		1.00		5.00		2.00		0.00		1.00		1.00		5.00		0.00		0.00		4.00		5.00		2.00		3.00		0.00		2.49		1.00		3.00		5.00		
[8] ->  1.00		5.00		0.00		1.00		1.00		0.00		3.00		2.00		0.00		5.00		2.00		1.00		2.00		3.20		3.00		3.00		5.00		1.00		2.00		2.04		5.00		3.00		5.00		3.00		1.00		
[9] ->  1.00		0.00		2.00		5.00		1.00		5.00		1.00		2.00		2.00		2.00		2.00		3.00		4.00		5.00		2.00		5.00		3.00		3.00		3.00		0.00		3.00		3.00		4.00		4.00		2.00		
